0001.mp4, -1, -1, 1.213
0002.mp4, -1, -1, 1.293
0003.mp4, -1, -1, 1.293
0004.mp4, -1, -1, 1.293
0005.mp4, -1, -1, 1.320
0006.mp4, -1, -1, 1.339
0007.mp4, -1, -1, 1.426
0008.mp4, -1, -1, 1.426
0009.mp4, -1, -1, 1.446
0010.mp4, -1, -1, 1.452
0011.mp4, -1, -1, 1.481
0013.mp4, -1, -1, 1.525
0017.mp4, -1, -1, 1.577
0018.mp4, -1, -1, 1.585
0019.mp4, -1, -1, 1.585
0021.mp4, -1, -1, 1.592
0023.mp4, -1, -1, 1.609
0024.mp4, -1, -1, 1.612
0025.mp4, -1, -1, 1.612
0026.mp4, -1, -1, 1.612
0027.mp4, -1, -1, 1.612
0029.mp4, -1, -1, 1.625
0031.mp4, -1, -1, 1.625
0032.mp4, -1, -1, 1.625
0033.mp4, -1, -1, 1.625
0034.mp4, -1, -1, 1.652
0035.mp4, -1, -1, 1.658
0037.mp4, -1, -1, 1.665
0038.mp4, -1, -1, 1.673
0041.mp4, -1, -1, 1.691
0044.mp4, -1, -1, 1.696
0045.mp4, -1, -1, 1.705
0046.mp4, -1, -1, 1.718
0050.mp4, -1, -1, 1.732
0051.mp4, -1, -1, 1.737
0053.mp4, -1, -1, 1.758
0055.mp4, -1, -1, 1.758
0056.mp4, -1, -1, 1.761
0057.mp4, -1, -1, 1.771
0058.mp4, -1, -1, 1.771
0059.mp4, -1, -1, 1.791
0060.mp4, -1, -1, 1.797
0062.mp4, -1, -1, 1.801
0063.mp4, -1, -1, 1.803
0064.mp4, -1, -1, 1.803
0065.mp4, -1, -1, 1.824
0066.mp4, -1, -1, 1.824
0067.mp4, -1, -1, 1.824
0068.mp4, -1, -1, 1.839
0069.mp4, -1, -1, 1.839
0070.mp4, -1, -1, 1.843
0072.mp4, -1, -1, 1.857
0074.mp4, -1, -1, 1.857
0075.mp4, -1, -1, 1.857
0076.mp4, -1, -1, 1.857
0077.mp4, -1, -1, 1.875
0079.mp4, -1, -1, 1.877
0080.mp4, -1, -1, 1.877
0083.mp4, -1, -1, 1.897
0084.mp4, -1, -1, 1.897
0085.mp4, -1, -1, 1.897
0086.mp4, -1, -1, 1.898
0087.mp4, -1, -1, 1.898
0088.mp4, -1, -1, 1.898
0089.mp4, -1, -1, 1.898
0090.mp4, -1, -1, 1.904
0091.mp4, -1, -1, 1.904
0092.mp4, -1, -1, 1.904
0093.mp4, -1, -1, 1.911
0094.mp4, -1, -1, 1.911
0095.mp4, -1, -1, 1.911
0096.mp4, -1, -1, 1.911
0099.mp4, -1, -1, 1.911
0102.mp4, -1, -1, 1.925
0104.mp4, -1, -1, 1.946
0105.mp4, -1, -1, 1.953
0106.mp4, -1, -1, 1.957
0107.mp4, -1, -1, 1.957
0109.mp4, -1, -1, 1.957
0110.mp4, -1, -1, 1.957
0111.mp4, -1, -1, 1.957
0113.mp4, -1, -1, 1.961
0114.mp4, -1, -1, 1.961
0115.mp4, -1, -1, 1.961
0116.mp4, -1, -1, 1.961
0117.mp4, -1, -1, 1.980
0118.mp4, -1, -1, 1.982
0120.mp4, -1, -1, 1.982
0121.mp4, -1, -1, 1.982
0123.mp4, -1, -1, 1.982
0124.mp4, -1, -1, 1.982
0125.mp4, -1, -1, 1.983
0126.mp4, -1, -1, 1.983
0127.mp4, -1, -1, 1.983
0128.mp4, -1, -1, 1.990
0129.mp4, -1, -1, 1.990
0130.mp4, -1, -1, 1.990
0132.mp4, -1, -1, 1.993
0133.mp4, -1, -1, 1.993
0134.mp4, -1, -1, 2.007
0135.mp4, -1, -1, 2.010
0136.mp4, -1, -1, 2.010
0137.mp4, -1, -1, 2.010
0139.mp4, -1, -1, 2.010
0140.mp4, -1, -1, 2.018
0141.mp4, -1, -1, 2.018
0142.mp4, -1, -1, 2.018
0143.mp4, -1, -1, 2.018
0146.mp4, -1, -1, 2.025
0147.mp4, -1, -1, 2.025
0148.mp4, -1, -1, 2.025
0149.mp4, -1, -1, 2.025
0150.mp4, -1, -1, 2.025
0151.mp4, -1, -1, 2.035
0152.mp4, -1, -1, 2.035
0153.mp4, -1, -1, 2.035
0154.mp4, -1, -1, 2.036
0155.mp4, -1, -1, 2.036
0156.mp4, -1, -1, 2.036
0157.mp4, -1, -1, 2.054
0159.mp4, -1, -1, 2.054
0160.mp4, -1, -1, 2.054
0161.mp4, -1, -1, 2.054
0163.mp4, -1, -1, 2.056
0164.mp4, -1, -1, 2.056
0165.mp4, -1, -1, 2.056
0167.mp4, -1, -1, 2.056
0168.mp4, -1, -1, 2.057
0169.mp4, -1, -1, 2.057
0171.mp4, -1, -1, 2.062
0172.mp4, -1, -1, 2.063
0173.mp4, -1, -1, 2.063
0174.mp4, -1, -1, 2.063
0175.mp4, -1, -1, 2.089
0177.mp4, -1, -1, 2.089
0178.mp4, -1, -1, 2.089
0179.mp4, -1, -1, 2.089
0181.mp4, -1, -1, 2.089
0183.mp4, -1, -1, 2.089
0185.mp4, -1, -1, 2.089
0186.mp4, -1, -1, 2.089
0187.mp4, -1, -1, 2.089
0188.mp4, -1, -1, 2.089
0189.mp4, -1, -1, 2.089
0190.mp4, -1, -1, 2.089
0191.mp4, -1, -1, 2.089
0193.mp4, -1, -1, 2.089
0194.mp4, -1, -1, 2.089
0195.mp4, -1, -1, 2.089
0197.mp4, -1, -1, 2.089
0199.mp4, -1, -1, 2.116
0200.mp4, -1, -1, 2.116
0201.mp4, -1, -1, 2.117
0203.mp4, -1, -1, 2.121
0204.mp4, -1, -1, 2.121
0205.mp4, -1, -1, 2.121
0206.mp4, -1, -1, 2.121
0207.mp4, -1, -1, 2.123
0208.mp4, -1, -1, 2.123
0209.mp4, -1, -1, 2.123
0210.mp4, -1, -1, 2.123
0211.mp4, -1, -1, 2.123
0213.mp4, -1, -1, 2.125
0214.mp4, -1, -1, 2.125
0215.mp4, -1, -1, 2.125
0216.mp4, -1, -1, 2.125
0217.mp4, -1, -1, 2.142
0218.mp4, -1, -1, 2.142
0219.mp4, -1, -1, 2.142
0222.mp4, -1, -1, 2.144
0223.mp4, -1, -1, 2.144
0224.mp4, -1, -1, 2.144
0226.mp4, -1, -1, 2.144
0229.mp4, -1, -1, 2.153
0230.mp4, -1, -1, 2.153
0231.mp4, -1, -1, 2.156
0233.mp4, -1, -1, 2.156
0234.mp4, -1, -1, 2.156
0235.mp4, -1, -1, 2.156
0237.mp4, -1, -1, 2.161
0238.mp4, -1, -1, 2.161
0239.mp4, -1, -1, 2.161
0240.mp4, -1, -1, 2.161
0241.mp4, -1, -1, 2.161
0242.mp4, -1, -1, 2.161
0244.mp4, -1, -1, 2.169
0245.mp4, -1, -1, 2.169
0246.mp4, -1, -1, 2.169
0248.mp4, -1, -1, 2.169
0249.mp4, -1, -1, 2.169
0253.mp4, -1, -1, 2.185
0254.mp4, -1, -1, 2.185
0255.mp4, -1, -1, 2.185
0257.mp4, -1, -1, 2.185
0258.mp4, -1, -1, 2.185
0259.mp4, -1, -1, 2.189
0260.mp4, -1, -1, 2.189
0262.mp4, -1, -1, 2.189
0263.mp4, -1, -1, 2.189
0265.mp4, -1, -1, 2.189
0267.mp4, -1, -1, 2.195
0269.mp4, -1, -1, 2.195
0270.mp4, -1, -1, 2.197
0271.mp4, -1, -1, 2.197
0272.mp4, -1, -1, 2.197
0273.mp4, -1, -1, 2.197
0274.mp4, -1, -1, 2.197
0275.mp4, -1, -1, 2.197
0276.mp4, -1, -1, 2.197
0277.mp4, -1, -1, 2.197
0278.mp4, -1, -1, 2.197
0279.mp4, -1, -1, 2.197
0280.mp4, -1, -1, 2.197
0281.mp4, -1, -1, 2.199
0282.mp4, -1, -1, 2.199
0283.mp4, -1, -1, 2.217
0284.mp4, -1, -1, 2.217
0285.mp4, -1, -1, 2.217
0286.mp4, -1, -1, 2.217
0287.mp4, -1, -1, 2.217
0289.mp4, -1, -1, 2.222
0290.mp4, -1, -1, 2.222
0291.mp4, -1, -1, 2.222
0292.mp4, -1, -1, 2.222
0293.mp4, -1, -1, 2.222
0295.mp4, -1, -1, 2.226
0298.mp4, -1, -1, 2.226
0299.mp4, -1, -1, 2.226
0301.mp4, -1, -1, 2.232
0302.mp4, -1, -1, 2.232
0303.mp4, -1, -1, 2.232
0304.mp4, -1, -1, 2.232
0305.mp4, -1, -1, 2.232
0306.mp4, -1, -1, 2.232
0307.mp4, -1, -1, 2.249
0308.mp4, -1, -1, 2.249
0309.mp4, -1, -1, 2.249
0311.mp4, -1, -1, 2.253
0312.mp4, -1, -1, 2.253
0313.mp4, -1, -1, 2.253
0314.mp4, -1, -1, 2.253
0315.mp4, -1, -1, 2.253
0316.mp4, -1, -1, 2.255
0317.mp4, -1, -1, 2.255
0318.mp4, -1, -1, 2.255
0320.mp4, -1, -1, 2.255
0322.mp4, -1, -1, 2.255
0323.mp4, -1, -1, 2.255
0324.mp4, -1, -1, 2.255
0325.mp4, -1, -1, 2.255
0326.mp4, -1, -1, 2.255
0327.mp4, -1, -1, 2.255
0328.mp4, -1, -1, 2.255
0329.mp4, -1, -1, 2.255
0330.mp4, -1, -1, 2.255
0332.mp4, -1, -1, 2.255
0333.mp4, -1, -1, 2.255
0334.mp4, -1, -1, 2.255
0335.mp4, -1, -1, 2.255
0336.mp4, -1, -1, 2.268
0338.mp4, -1, -1, 2.268
0339.mp4, -1, -1, 2.268
0340.mp4, -1, -1, 2.268
0341.mp4, -1, -1, 2.268
0342.mp4, -1, -1, 2.268
0343.mp4, -1, -1, 2.268
0344.mp4, -1, -1, 2.268
0345.mp4, -1, -1, 2.268
0346.mp4, -1, -1, 2.268
0347.mp4, -1, -1, 2.268
0348.mp4, -1, -1, 2.275
0349.mp4, -1, -1, 2.275
0350.mp4, -1, -1, 2.275
0351.mp4, -1, -1, 2.281
0353.mp4, -1, -1, 2.281
0354.mp4, -1, -1, 2.281
0355.mp4, -1, -1, 2.281
0357.mp4, -1, -1, 2.282
0358.mp4, -1, -1, 2.282
0359.mp4, -1, -1, 2.282
0360.mp4, -1, -1, 2.282
0361.mp4, -1, -1, 2.282
0363.mp4, -1, -1, 2.288
0365.mp4, -1, -1, 2.288
0366.mp4, -1, -1, 2.288
0367.mp4, -1, -1, 2.288
0368.mp4, -1, -1, 2.288
0369.mp4, -1, -1, 2.288
0370.mp4, -1, -1, 2.302
0373.mp4, -1, -1, 2.302
0374.mp4, -1, -1, 2.304
0375.mp4, -1, -1, 2.304
0376.mp4, -1, -1, 2.304
0377.mp4, -1, -1, 2.304
0378.mp4, -1, -1, 2.304
0380.mp4, -1, -1, 2.304
0381.mp4, -1, -1, 2.304
0382.mp4, -1, -1, 2.304
0383.mp4, -1, -1, 2.308
0385.mp4, -1, -1, 2.308
0386.mp4, -1, -1, 2.308
0387.mp4, -1, -1, 2.308
0389.mp4, -1, -1, 2.314
0390.mp4, -1, -1, 2.314
0391.mp4, -1, -1, 2.314
0392.mp4, -1, -1, 2.314
0393.mp4, -1, -1, 2.314
0395.mp4, -1, -1, 2.314
0396.mp4, -1, -1, 2.314
0397.mp4, -1, -1, 2.314
0398.mp4, -1, -1, 2.322
0399.mp4, -1, -1, 2.322
0400.mp4, -1, -1, 2.322
0401.mp4, -1, -1, 2.322
0403.mp4, -1, -1, 2.322
0404.mp4, -1, -1, 2.322
0405.mp4, -1, -1, 2.322
0406.mp4, -1, -1, 2.322
0408.mp4, -1, -1, 2.322
0409.mp4, -1, -1, 2.322
0410.mp4, -1, -1, 2.322
0411.mp4, -1, -1, 2.328
0414.mp4, -1, -1, 2.335
0416.mp4, -1, -1, 2.339
0417.mp4, -1, -1, 2.339
0418.mp4, -1, -1, 2.339
0420.mp4, -1, -1, 2.339
0421.mp4, -1, -1, 2.339
0422.mp4, -1, -1, 2.339
0423.mp4, -1, -1, 2.339
0424.mp4, -1, -1, 2.339
0427.mp4, -1, -1, 2.339
0428.mp4, -1, -1, 2.339
0429.mp4, -1, -1, 2.339
0432.mp4, -1, -1, 2.339
0433.mp4, -1, -1, 2.339
0434.mp4, -1, -1, 2.339
0436.mp4, -1, -1, 2.339
0437.mp4, -1, -1, 2.339
0439.mp4, -1, -1, 2.339
0440.mp4, -1, -1, 2.346
0442.mp4, -1, -1, 2.346
0443.mp4, -1, -1, 2.346
0444.mp4, -1, -1, 2.346
0446.mp4, -1, -1, 2.355
0447.mp4, -1, -1, 2.355
0448.mp4, -1, -1, 2.355
0450.mp4, -1, -1, 2.355
0451.mp4, -1, -1, 2.355
0452.mp4, -1, -1, 2.355
0453.mp4, -1, -1, 2.355
0454.mp4, -1, -1, 2.355
0455.mp4, -1, -1, 2.355
0456.mp4, -1, -1, 2.355
0458.mp4, -1, -1, 2.355
0460.mp4, -1, -1, 2.355
0461.mp4, -1, -1, 2.355
0462.mp4, -1, -1, 2.355
0464.mp4, -1, -1, 2.355
0465.mp4, -1, -1, 2.355
0466.mp4, -1, -1, 2.363
0467.mp4, -1, -1, 2.363
0468.mp4, -1, -1, 2.363
0469.mp4, -1, -1, 2.363
0470.mp4, -1, -1, 2.375
0471.mp4, -1, -1, 2.375
0473.mp4, -1, -1, 2.375
0474.mp4, -1, -1, 2.375
0475.mp4, -1, -1, 2.375
0477.mp4, -1, -1, 2.375
0479.mp4, -1, -1, 2.375
0480.mp4, -1, -1, 2.375
0481.mp4, -1, -1, 2.375
0482.mp4, -1, -1, 2.375
0483.mp4, -1, -1, 2.375
0485.mp4, -1, -1, 2.375
0486.mp4, -1, -1, 2.375
0488.mp4, -1, -1, 2.375
0489.mp4, -1, -1, 2.375
0490.mp4, -1, -1, 2.378
0491.mp4, -1, -1, 2.378
0492.mp4, -1, -1, 2.378
0493.mp4, -1, -1, 2.378
0494.mp4, -1, -1, 2.378
0495.mp4, -1, -1, 2.378
0496.mp4, -1, -1, 2.381
0497.mp4, -1, -1, 2.381
0498.mp4, -1, -1, 2.381
0499.mp4, -1, -1, 2.381
0500.mp4, -1, -1, 2.381
0501.mp4, -1, -1, 2.381
0502.mp4, -1, -1, 2.381
0503.mp4, -1, -1, 2.388
0504.mp4, -1, -1, 2.388
0505.mp4, -1, -1, 2.388
0506.mp4, -1, -1, 2.388
0508.mp4, -1, -1, 2.388
0509.mp4, -1, -1, 2.388
0510.mp4, -1, -1, 2.388
0511.mp4, -1, -1, 2.388
0512.mp4, -1, -1, 2.388
0513.mp4, -1, -1, 2.388
0515.mp4, -1, -1, 2.390
0516.mp4, -1, -1, 2.390
0517.mp4, -1, -1, 2.390
0518.mp4, -1, -1, 2.408
0519.mp4, -1, -1, 2.408
0520.mp4, -1, -1, 2.408
0521.mp4, -1, -1, 2.408
0522.mp4, -1, -1, 2.410
0523.mp4, -1, -1, 2.410
0524.mp4, -1, -1, 2.410
0525.mp4, -1, -1, 2.410
0527.mp4, -1, -1, 2.410
0528.mp4, -1, -1, 2.410
0529.mp4, -1, -1, 2.410
0530.mp4, -1, -1, 2.410
0531.mp4, -1, -1, 2.411
0532.mp4, -1, -1, 2.411
0534.mp4, -1, -1, 2.411
0535.mp4, -1, -1, 2.411
0536.mp4, -1, -1, 2.411
0537.mp4, -1, -1, 2.411
0538.mp4, -1, -1, 2.411
0539.mp4, -1, -1, 2.411
0541.mp4, -1, -1, 2.411
0542.mp4, -1, -1, 2.411
0543.mp4, -1, -1, 2.411
0546.mp4, -1, -1, 2.411
0547.mp4, -1, -1, 2.411
0548.mp4, -1, -1, 2.411
0549.mp4, -1, -1, 2.411
0550.mp4, -1, -1, 2.411
0552.mp4, -1, -1, 2.411
0555.mp4, -1, -1, 2.411
0556.mp4, -1, -1, 2.417
0559.mp4, -1, -1, 2.421
0560.mp4, -1, -1, 2.421
0561.mp4, -1, -1, 2.421
0562.mp4, -1, -1, 2.421
0563.mp4, -1, -1, 2.421
0564.mp4, -1, -1, 2.421
0565.mp4, -1, -1, 2.421
0566.mp4, -1, -1, 2.421
0567.mp4, -1, -1, 2.421
0568.mp4, -1, -1, 2.421
0569.mp4, -1, -1, 2.421
0570.mp4, -1, -1, 2.421
0572.mp4, -1, -1, 2.421
0573.mp4, -1, -1, 2.421
0574.mp4, -1, -1, 2.421
0575.mp4, -1, -1, 2.421
0576.mp4, -1, -1, 2.434
0577.mp4, -1, -1, 2.434
0579.mp4, -1, -1, 2.434
0580.mp4, -1, -1, 2.434
0581.mp4, -1, -1, 2.442
0582.mp4, -1, -1, 2.442
0584.mp4, -1, -1, 2.442
0586.mp4, -1, -1, 2.442
0587.mp4, -1, -1, 2.442
0588.mp4, -1, -1, 2.442
0590.mp4, -1, -1, 2.442
0591.mp4, -1, -1, 2.442
0592.mp4, -1, -1, 2.442
0594.mp4, -1, -1, 2.445
0596.mp4, -1, -1, 2.445
0597.mp4, -1, -1, 2.445
0598.mp4, -1, -1, 2.445
0599.mp4, -1, -1, 2.445
0600.mp4, -1, -1, 2.445
0603.mp4, -1, -1, 2.447
0604.mp4, -1, -1, 2.447
0605.mp4, -1, -1, 2.447
0607.mp4, -1, -1, 2.447
0608.mp4, -1, -1, 2.447
0609.mp4, -1, -1, 2.447
0610.mp4, -1, -1, 2.447
0611.mp4, -1, -1, 2.447
0612.mp4, -1, -1, 2.447
0613.mp4, -1, -1, 2.447
0614.mp4, -1, -1, 2.447
0615.mp4, -1, -1, 2.447
0616.mp4, -1, -1, 2.454
0617.mp4, -1, -1, 2.454
0618.mp4, -1, -1, 2.454
0620.mp4, -1, -1, 2.454
0621.mp4, -1, -1, 2.454
0622.mp4, -1, -1, 2.454
0623.mp4, -1, -1, 2.454
0624.mp4, -1, -1, 2.454
0625.mp4, -1, -1, 2.454
0626.mp4, -1, -1, 2.454
0628.mp4, -1, -1, 2.461
0630.mp4, -1, -1, 2.461
0631.mp4, -1, -1, 2.461
0632.mp4, -1, -1, 2.461
0633.mp4, -1, -1, 2.461
0634.mp4, -1, -1, 2.461
0636.mp4, -1, -1, 2.472
0637.mp4, -1, -1, 2.472
0638.mp4, -1, -1, 2.472
0640.mp4, -1, -1, 2.472
0641.mp4, -1, -1, 2.472
0643.mp4, -1, -1, 2.474
0644.mp4, -1, -1, 2.474
0645.mp4, -1, -1, 2.474
0646.mp4, -1, -1, 2.474
0647.mp4, -1, -1, 2.474
0648.mp4, -1, -1, 2.474
0650.mp4, -1, -1, 2.474
0651.mp4, -1, -1, 2.474
0652.mp4, -1, -1, 2.474
0653.mp4, -1, -1, 2.474
0654.mp4, -1, -1, 2.474
0655.mp4, -1, -1, 2.474
0656.mp4, -1, -1, 2.474
0658.mp4, -1, -1, 2.482
0659.mp4, -1, -1, 2.482
0660.mp4, -1, -1, 2.482
0661.mp4, -1, -1, 2.482
0662.mp4, -1, -1, 2.482
0663.mp4, -1, -1, 2.482
0664.mp4, -1, -1, 2.482
0665.mp4, -1, -1, 2.482
0667.mp4, -1, -1, 2.482
0668.mp4, -1, -1, 2.482
0670.mp4, -1, -1, 2.482
0671.mp4, -1, -1, 2.482
0673.mp4, -1, -1, 2.482
0674.mp4, -1, -1, 2.482
0675.mp4, -1, -1, 2.482
0676.mp4, -1, -1, 2.482
0677.mp4, -1, -1, 2.482
0678.mp4, -1, -1, 2.482
0679.mp4, -1, -1, 2.482
0680.mp4, -1, -1, 2.482
0681.mp4, -1, -1, 2.482
0682.mp4, -1, -1, 2.482
0685.mp4, -1, -1, 2.487
0687.mp4, -1, -1, 2.487
0688.mp4, -1, -1, 2.487
0690.mp4, -1, -1, 2.487
0691.mp4, -1, -1, 2.487
0693.mp4, -1, -1, 2.487
0694.mp4, -1, -1, 2.487
0696.mp4, -1, -1, 2.487
0697.mp4, -1, -1, 2.487
0698.mp4, -1, -1, 2.487
0701.mp4, -1, -1, 2.487
0702.mp4, -1, -1, 2.487
0703.mp4, -1, -1, 2.487
0705.mp4, -1, -1, 2.487
0706.mp4, -1, -1, 2.487
0707.mp4, -1, -1, 2.499
0708.mp4, -1, -1, 2.499
0709.mp4, -1, -1, 2.499
0710.mp4, -1, -1, 2.499
0711.mp4, -1, -1, 2.499
0712.mp4, -1, -1, 2.506
0713.mp4, -1, -1, 2.506
0714.mp4, -1, -1, 2.506
0717.mp4, -1, -1, 2.506
0718.mp4, -1, -1, 2.506
0719.mp4, -1, -1, 2.506
0720.mp4, -1, -1, 2.506
0721.mp4, -1, -1, 2.506
0724.mp4, -1, -1, 2.506
0725.mp4, -1, -1, 2.514
0727.mp4, -1, -1, 2.514
0728.mp4, -1, -1, 2.514
0733.mp4, -1, -1, 2.518
0734.mp4, -1, -1, 2.518
0735.mp4, -1, -1, 2.518
0736.mp4, -1, -1, 2.518
0737.mp4, -1, -1, 2.518
0738.mp4, -1, -1, 2.518
0739.mp4, -1, -1, 2.518
0740.mp4, -1, -1, 2.518
0743.mp4, -1, -1, 2.518
0744.mp4, -1, -1, 2.518
0745.mp4, -1, -1, 2.518
0746.mp4, -1, -1, 2.518
0747.mp4, -1, -1, 2.518
0748.mp4, -1, -1, 2.518
0749.mp4, -1, -1, 2.518
0751.mp4, -1, -1, 2.518
0752.mp4, -1, -1, 2.518
0755.mp4, -1, -1, 2.518
0756.mp4, -1, -1, 2.518
0758.mp4, -1, -1, 2.518
0759.mp4, -1, -1, 2.518
0761.mp4, -1, -1, 2.521
0762.mp4, -1, -1, 2.521
0763.mp4, -1, -1, 2.521
0764.mp4, -1, -1, 2.521
0765.mp4, -1, -1, 2.521
0766.mp4, -1, -1, 2.521
0767.mp4, -1, -1, 2.521
0768.mp4, -1, -1, 2.521
0769.mp4, -1, -1, 2.521
0770.mp4, -1, -1, 2.521
0771.mp4, -1, -1, 2.521
0772.mp4, -1, -1, 2.521
0773.mp4, -1, -1, 2.521
0776.mp4, -1, -1, 2.521
0777.mp4, -1, -1, 2.526
0778.mp4, -1, -1, 2.526
0779.mp4, -1, -1, 2.538
0780.mp4, -1, -1, 2.538
0781.mp4, -1, -1, 2.538
0782.mp4, -1, -1, 2.538
0783.mp4, -1, -1, 2.538
0784.mp4, -1, -1, 2.538
0785.mp4, -1, -1, 2.538
0786.mp4, -1, -1, 2.538
0787.mp4, -1, -1, 2.541
0788.mp4, -1, -1, 2.541
0789.mp4, -1, -1, 2.541
0792.mp4, -1, -1, 2.541
0794.mp4, -1, -1, 2.541
0795.mp4, -1, -1, 2.541
0796.mp4, -1, -1, 2.541
0797.mp4, -1, -1, 2.554
0801.mp4, -1, -1, 2.554
0802.mp4, -1, -1, 2.554
0803.mp4, -1, -1, 2.554
0804.mp4, -1, -1, 2.554
0806.mp4, -1, -1, 2.554
0808.mp4, -1, -1, 2.554
0810.mp4, -1, -1, 2.554
0811.mp4, -1, -1, 2.554
0812.mp4, -1, -1, 2.554
0814.mp4, -1, -1, 2.554
0815.mp4, -1, -1, 2.554
0816.mp4, -1, -1, 2.554
0817.mp4, -1, -1, 2.554
0818.mp4, -1, -1, 2.554
0819.mp4, -1, -1, 2.554
0820.mp4, -1, -1, 2.554
0822.mp4, -1, -1, 2.554
0823.mp4, -1, -1, 2.554
0825.mp4, -1, -1, 2.554
0827.mp4, -1, -1, 2.554
0829.mp4, -1, -1, 2.554
0830.mp4, -1, -1, 2.554
0831.mp4, -1, -1, 2.554
0832.mp4, -1, -1, 2.554
0833.mp4, -1, -1, 2.554
0835.mp4, -1, -1, 2.554
0836.mp4, -1, -1, 2.554
0837.mp4, -1, -1, 2.554
0839.mp4, -1, -1, 2.554
0840.mp4, -1, -1, 2.554
0842.mp4, -1, -1, 2.554
0844.mp4, -1, -1, 2.554
0845.mp4, -1, -1, 2.554
0846.mp4, -1, -1, 2.554
0847.mp4, -1, -1, 2.554
0848.mp4, -1, -1, 2.554
0849.mp4, -1, -1, 2.554
0850.mp4, -1, -1, 2.554
0851.mp4, -1, -1, 2.554
0852.mp4, -1, -1, 2.554
0853.mp4, -1, -1, 2.567
0855.mp4, -1, -1, 2.567
0856.mp4, -1, -1, 2.567
0858.mp4, -1, -1, 2.567
0860.mp4, -1, -1, 2.567
0862.mp4, -1, -1, 2.567
0863.mp4, -1, -1, 2.567
0864.mp4, -1, -1, 2.570
0865.mp4, -1, -1, 2.570
0866.mp4, -1, -1, 2.570
0867.mp4, -1, -1, 2.570
0868.mp4, -1, -1, 2.570
0870.mp4, -1, -1, 2.570
0871.mp4, -1, -1, 2.581
0873.mp4, -1, -1, 2.581
0874.mp4, -1, -1, 2.581
0875.mp4, -1, -1, 2.581
0876.mp4, -1, -1, 2.581
0877.mp4, -1, -1, 2.581
0878.mp4, -1, -1, 2.581
0879.mp4, -1, -1, 2.587
0880.mp4, -1, -1, 2.587
0881.mp4, -1, -1, 2.587
0882.mp4, -1, -1, 2.587
0883.mp4, -1, -1, 2.587
0884.mp4, -1, -1, 2.587
0885.mp4, -1, -1, 2.587
0886.mp4, -1, -1, 2.587
0888.mp4, -1, -1, 2.587
0889.mp4, -1, -1, 2.587
0890.mp4, -1, -1, 2.587
0892.mp4, -1, -1, 2.587
0895.mp4, -1, -1, 2.587
0896.mp4, -1, -1, 2.587
0897.mp4, -1, -1, 2.590
0898.mp4, -1, -1, 2.590
0899.mp4, -1, -1, 2.590
0901.mp4, -1, -1, 2.590
0902.mp4, -1, -1, 2.590
0903.mp4, -1, -1, 2.590
0904.mp4, -1, -1, 2.590
0906.mp4, -1, -1, 2.590
0907.mp4, -1, -1, 2.590
0909.mp4, -1, -1, 2.590
0910.mp4, -1, -1, 2.590
0912.mp4, -1, -1, 2.590
0913.mp4, -1, -1, 2.590
0914.mp4, -1, -1, 2.590
0916.mp4, -1, -1, 2.590
0918.mp4, -1, -1, 2.590
0919.mp4, -1, -1, 2.590
0920.mp4, -1, -1, 2.590
0921.mp4, -1, -1, 2.590
0922.mp4, -1, -1, 2.590
0923.mp4, -1, -1, 2.590
0924.mp4, -1, -1, 2.590
0925.mp4, -1, -1, 2.590
0926.mp4, -1, -1, 2.590
0927.mp4, -1, -1, 2.594
0928.mp4, -1, -1, 2.594
0931.mp4, -1, -1, 2.594
0932.mp4, -1, -1, 2.594
0933.mp4, -1, -1, 2.594
0934.mp4, -1, -1, 2.594
0935.mp4, -1, -1, 2.602
0936.mp4, -1, -1, 2.602
0937.mp4, -1, -1, 2.602
0938.mp4, -1, -1, 2.602
0940.mp4, -1, -1, 2.602
0941.mp4, -1, -1, 2.602
0942.mp4, -1, -1, 2.602
0943.mp4, -1, -1, 2.602
0944.mp4, -1, -1, 2.602
0945.mp4, -1, -1, 2.602
0946.mp4, -1, -1, 2.602
0947.mp4, -1, -1, 2.602
0948.mp4, -1, -1, 2.602
0951.mp4, -1, -1, 2.608
0953.mp4, -1, -1, 2.608
0954.mp4, -1, -1, 2.608
0956.mp4, -1, -1, 2.608
0957.mp4, -1, -1, 2.608
0958.mp4, -1, -1, 2.608
0960.mp4, -1, -1, 2.620
0961.mp4, -1, -1, 2.620
0964.mp4, -1, -1, 2.620
0965.mp4, -1, -1, 2.620
0966.mp4, -1, -1, 2.620
0967.mp4, -1, -1, 2.620
0969.mp4, -1, -1, 2.620
0971.mp4, -1, -1, 2.620
0972.mp4, -1, -1, 2.620
0973.mp4, -1, -1, 2.620
0974.mp4, -1, -1, 2.620
0975.mp4, -1, -1, 2.620
0976.mp4, -1, -1, 2.620
0977.mp4, -1, -1, 2.620
0978.mp4, -1, -1, 2.620
0979.mp4, -1, -1, 2.620
0980.mp4, -1, -1, 2.620
0981.mp4, -1, -1, 2.620
0982.mp4, -1, -1, 2.620
0984.mp4, -1, -1, 2.620
0985.mp4, -1, -1, 2.620
0986.mp4, -1, -1, 2.620
0987.mp4, -1, -1, 2.620
0988.mp4, -1, -1, 2.620
0989.mp4, -1, -1, 2.620
0990.mp4, -1, -1, 2.625
0991.mp4, -1, -1, 2.625
0992.mp4, -1, -1, 2.625
0993.mp4, -1, -1, 2.625
0994.mp4, -1, -1, 2.625
0996.mp4, -1, -1, 2.625
0997.mp4, -1, -1, 2.625
0998.mp4, -1, -1, 2.625
0999.mp4, -1, -1, 2.625
1000.mp4, -1, -1, 2.625
1001.mp4, -1, -1, 2.625
1002.mp4, -1, -1, 2.625
1003.mp4, -1, -1, 2.625
1004.mp4, -1, -1, 2.625
1005.mp4, -1, -1, 2.625
1007.mp4, -1, -1, 2.625
1008.mp4, -1, -1, 2.625
1009.mp4, -1, -1, 2.625
1012.mp4, -1, -1, 2.625
1013.mp4, -1, -1, 2.625
1014.mp4, -1, -1, 2.625
1015.mp4, -1, -1, 2.625
1016.mp4, -1, -1, 2.625
1018.mp4, -1, -1, 2.634
1020.mp4, -1, -1, 2.634
1022.mp4, -1, -1, 2.634
1023.mp4, -1, -1, 2.634
1024.mp4, -1, -1, 2.634
1025.mp4, -1, -1, 2.634
1026.mp4, -1, -1, 2.634
1028.mp4, -1, -1, 2.634
1029.mp4, -1, -1, 2.634
1030.mp4, -1, -1, 2.634
1031.mp4, -1, -1, 2.634
1032.mp4, -1, -1, 2.634
1033.mp4, -1, -1, 2.634
1034.mp4, -1, -1, 2.634
1035.mp4, -1, -1, 2.636
1036.mp4, -1, -1, 2.636
1037.mp4, -1, -1, 2.636
1038.mp4, -1, -1, 2.636
1040.mp4, -1, -1, 2.647
1042.mp4, -1, -1, 2.647
1044.mp4, -1, -1, 2.647
1045.mp4, -1, -1, 2.647
1046.mp4, -1, -1, 2.647
1048.mp4, -1, -1, 2.647
1049.mp4, -1, -1, 2.653
1050.mp4, -1, -1, 2.653
1051.mp4, -1, -1, 2.653
1052.mp4, -1, -1, 2.653
1053.mp4, -1, -1, 2.653
1054.mp4, -1, -1, 2.653
1055.mp4, -1, -1, 2.653
1056.mp4, -1, -1, 2.653
1058.mp4, -1, -1, 2.653
1059.mp4, -1, -1, 2.653
1061.mp4, -1, -1, 2.653
1062.mp4, -1, -1, 2.661
1063.mp4, -1, -1, 2.661
1065.mp4, -1, -1, 2.661
1066.mp4, -1, -1, 2.661
1067.mp4, -1, -1, 2.661
1071.mp4, -1, -1, 2.661
1072.mp4, -1, -1, 2.661
1073.mp4, -1, -1, 2.661
1074.mp4, -1, -1, 2.661
1076.mp4, -1, -1, 2.661
1077.mp4, -1, -1, 2.661
1078.mp4, -1, -1, 2.661
1080.mp4, -1, -1, 2.661
1081.mp4, -1, -1, 2.661
1082.mp4, -1, -1, 2.661
1083.mp4, -1, -1, 2.661
1084.mp4, -1, -1, 2.661
1085.mp4, -1, -1, 2.661
1086.mp4, -1, -1, 2.661
1087.mp4, -1, -1, 2.661
1088.mp4, -1, -1, 2.661
1089.mp4, -1, -1, 2.661
1090.mp4, -1, -1, 2.661
1092.mp4, -1, -1, 2.661
1093.mp4, -1, -1, 2.661
1094.mp4, -1, -1, 2.661
1095.mp4, -1, -1, 2.661
1096.mp4, -1, -1, 2.661
1097.mp4, -1, -1, 2.661
1099.mp4, -1, -1, 2.661
1100.mp4, -1, -1, 2.661
1101.mp4, -1, -1, 2.661
1103.mp4, -1, -1, 2.663
1104.mp4, -1, -1, 2.663
1105.mp4, -1, -1, 2.663
1106.mp4, -1, -1, 2.663
1107.mp4, -1, -1, 2.663
1108.mp4, -1, -1, 2.663
1109.mp4, -1, -1, 2.663
1110.mp4, -1, -1, 2.663
1112.mp4, -1, -1, 2.663
1113.mp4, -1, -1, 2.663
1114.mp4, -1, -1, 2.666
1115.mp4, -1, -1, 2.666
1116.mp4, -1, -1, 2.666
1117.mp4, -1, -1, 2.666
1118.mp4, -1, -1, 2.666
1119.mp4, -1, -1, 2.666
1120.mp4, -1, -1, 2.666
1121.mp4, -1, -1, 2.666
1123.mp4, -1, -1, 2.666
1124.mp4, -1, -1, 2.666
1125.mp4, -1, -1, 2.666
1126.mp4, -1, -1, 2.673
1127.mp4, -1, -1, 2.673
1129.mp4, -1, -1, 2.673
1130.mp4, -1, -1, 2.673
1131.mp4, -1, -1, 2.687
1132.mp4, -1, -1, 2.687
1133.mp4, -1, -1, 2.687
1135.mp4, -1, -1, 2.687
1136.mp4, -1, -1, 2.687
1137.mp4, -1, -1, 2.687
1138.mp4, -1, -1, 2.687
1139.mp4, -1, -1, 2.687
1140.mp4, -1, -1, 2.687
1141.mp4, -1, -1, 2.687
1142.mp4, -1, -1, 2.687
1143.mp4, -1, -1, 2.687
1144.mp4, -1, -1, 2.687
1145.mp4, -1, -1, 2.687
1146.mp4, -1, -1, 2.687
1147.mp4, -1, -1, 2.687
1148.mp4, -1, -1, 2.687
1150.mp4, -1, -1, 2.687
1151.mp4, -1, -1, 2.687
1152.mp4, -1, -1, 2.687
1153.mp4, -1, -1, 2.687
1154.mp4, -1, -1, 2.687
1155.mp4, -1, -1, 2.690
1157.mp4, -1, -1, 2.690
1158.mp4, -1, -1, 2.690
1159.mp4, -1, -1, 2.690
1160.mp4, -1, -1, 2.690
1162.mp4, -1, -1, 2.697
1163.mp4, -1, -1, 2.697
1164.mp4, -1, -1, 2.697
1165.mp4, -1, -1, 2.697
1166.mp4, -1, -1, 2.697
1167.mp4, -1, -1, 2.697
1169.mp4, -1, -1, 2.697
1170.mp4, -1, -1, 2.697
1171.mp4, -1, -1, 2.697
1172.mp4, -1, -1, 2.697
1173.mp4, -1, -1, 2.697
1175.mp4, -1, -1, 2.697
1176.mp4, -1, -1, 2.697
1177.mp4, -1, -1, 2.697
1178.mp4, -1, -1, 2.697
1179.mp4, -1, -1, 2.697
1180.mp4, -1, -1, 2.697
1182.mp4, -1, -1, 2.697
1183.mp4, -1, -1, 2.697
1184.mp4, -1, -1, 2.697
1185.mp4, -1, -1, 2.697
1186.mp4, -1, -1, 2.697
1188.mp4, -1, -1, 2.697
1189.mp4, -1, -1, 2.697
1191.mp4, -1, -1, 2.697
1192.mp4, -1, -1, 2.697
1193.mp4, -1, -1, 2.697
1194.mp4, -1, -1, 2.697
1195.mp4, -1, -1, 2.697
1196.mp4, -1, -1, 2.697
1197.mp4, -1, -1, 2.697
1199.mp4, -1, -1, 2.697
1201.mp4, -1, -1, 2.698
1202.mp4, -1, -1, 2.698
1203.mp4, -1, -1, 2.698
1205.mp4, -1, -1, 2.698
1206.mp4, -1, -1, 2.698
1207.mp4, -1, -1, 2.698
1208.mp4, -1, -1, 2.698
1209.mp4, -1, -1, 2.698
1210.mp4, -1, -1, 2.698
1211.mp4, -1, -1, 2.698
1212.mp4, -1, -1, 2.698
1213.mp4, -1, -1, 2.698
1216.mp4, -1, -1, 2.700
1217.mp4, -1, -1, 2.700
1218.mp4, -1, -1, 2.700
1219.mp4, -1, -1, 2.700
1220.mp4, -1, -1, 2.700
1221.mp4, -1, -1, 2.700
1222.mp4, -1, -1, 2.700
1223.mp4, -1, -1, 2.718
1224.mp4, -1, -1, 2.718
1225.mp4, -1, -1, 2.718
1226.mp4, -1, -1, 2.718
1227.mp4, -1, -1, 2.718
1228.mp4, -1, -1, 2.718
1230.mp4, -1, -1, 2.720
1233.mp4, -1, -1, 2.720
1234.mp4, -1, -1, 2.720
1235.mp4, -1, -1, 2.720
1237.mp4, -1, -1, 2.720
1238.mp4, -1, -1, 2.720
1239.mp4, -1, -1, 2.720
1240.mp4, -1, -1, 2.720
1241.mp4, -1, -1, 2.720
1244.mp4, -1, -1, 2.720
1245.mp4, -1, -1, 2.720
1246.mp4, -1, -1, 2.720
1250.mp4, -1, -1, 2.726
1251.mp4, -1, -1, 2.726
1252.mp4, -1, -1, 2.726
1253.mp4, -1, -1, 2.726
1254.mp4, -1, -1, 2.726
1255.mp4, -1, -1, 2.730
1257.mp4, -1, -1, 2.730
1258.mp4, -1, -1, 2.730
1259.mp4, -1, -1, 2.730
1260.mp4, -1, -1, 2.730
1261.mp4, -1, -1, 2.730
1262.mp4, -1, -1, 2.730
1263.mp4, -1, -1, 2.730
1265.mp4, -1, -1, 2.730
1266.mp4, -1, -1, 2.730
1267.mp4, -1, -1, 2.730
1268.mp4, -1, -1, 2.730
1269.mp4, -1, -1, 2.730
1270.mp4, -1, -1, 2.730
1271.mp4, -1, -1, 2.730
1272.mp4, -1, -1, 2.732
1273.mp4, -1, -1, 2.732
1274.mp4, -1, -1, 2.732
1275.mp4, -1, -1, 2.732
1276.mp4, -1, -1, 2.732
1277.mp4, -1, -1, 2.732
1279.mp4, -1, -1, 2.732
1280.mp4, -1, -1, 2.732
1282.mp4, -1, -1, 2.732
1284.mp4, -1, -1, 2.732
1285.mp4, -1, -1, 2.732
1287.mp4, -1, -1, 2.732
1288.mp4, -1, -1, 2.732
1289.mp4, -1, -1, 2.732
1291.mp4, -1, -1, 2.732
1292.mp4, -1, -1, 2.732
1294.mp4, -1, -1, 2.732
1295.mp4, -1, -1, 2.732
1296.mp4, -1, -1, 2.732
1297.mp4, -1, -1, 2.732
1298.mp4, -1, -1, 2.732
1299.mp4, -1, -1, 2.732
1302.mp4, -1, -1, 2.732
1303.mp4, -1, -1, 2.732
1304.mp4, -1, -1, 2.732
1305.mp4, -1, -1, 2.732
1306.mp4, -1, -1, 2.732
1307.mp4, -1, -1, 2.745
1308.mp4, -1, -1, 2.745
1309.mp4, -1, -1, 2.745
1310.mp4, -1, -1, 2.745
1313.mp4, -1, -1, 2.745
1314.mp4, -1, -1, 2.745
1315.mp4, -1, -1, 2.753
1316.mp4, -1, -1, 2.753
1317.mp4, -1, -1, 2.753
1318.mp4, -1, -1, 2.753
1319.mp4, -1, -1, 2.753
1320.mp4, -1, -1, 2.753
1321.mp4, -1, -1, 2.753
1322.mp4, -1, -1, 2.753
1323.mp4, -1, -1, 2.753
1324.mp4, -1, -1, 2.753
1325.mp4, -1, -1, 2.753
1326.mp4, -1, -1, 2.753
1327.mp4, -1, -1, 2.753
1328.mp4, -1, -1, 2.753
1330.mp4, -1, -1, 2.753
1331.mp4, -1, -1, 2.753
1332.mp4, -1, -1, 2.753
1333.mp4, -1, -1, 2.753
1337.mp4, -1, -1, 2.753
1338.mp4, -1, -1, 2.753
1340.mp4, -1, -1, 2.753
1341.mp4, -1, -1, 2.753
1342.mp4, -1, -1, 2.753
1343.mp4, -1, -1, 2.753
1344.mp4, -1, -1, 2.753
1345.mp4, -1, -1, 2.753
1347.mp4, -1, -1, 2.753
1348.mp4, -1, -1, 2.753
1350.mp4, -1, -1, 2.753
1351.mp4, -1, -1, 2.762
1352.mp4, -1, -1, 2.762
1353.mp4, -1, -1, 2.762
1354.mp4, -1, -1, 2.762
1355.mp4, -1, -1, 2.762
1356.mp4, -1, -1, 2.762
1358.mp4, -1, -1, 2.762
1359.mp4, -1, -1, 2.762
1360.mp4, -1, -1, 2.762
1361.mp4, -1, -1, 2.762
1362.mp4, -1, -1, 2.762
1363.mp4, -1, -1, 2.762
1364.mp4, -1, -1, 2.762
1365.mp4, -1, -1, 2.768
1366.mp4, -1, -1, 2.768
1367.mp4, -1, -1, 2.768
1368.mp4, -1, -1, 2.768
1370.mp4, -1, -1, 2.768
1372.mp4, -1, -1, 2.768
1373.mp4, -1, -1, 2.768
1374.mp4, -1, -1, 2.768
1375.mp4, -1, -1, 2.768
1376.mp4, -1, -1, 2.768
1377.mp4, -1, -1, 2.768
1378.mp4, -1, -1, 2.768
1379.mp4, -1, -1, 2.768
1380.mp4, -1, -1, 2.768
1381.mp4, -1, -1, 2.768
1382.mp4, -1, -1, 2.768
1383.mp4, -1, -1, 2.768
1385.mp4, -1, -1, 2.768
1386.mp4, -1, -1, 2.768
1387.mp4, -1, -1, 2.768
1388.mp4, -1, -1, 2.768
1390.mp4, -1, -1, 2.768
1391.mp4, -1, -1, 2.768
1392.mp4, -1, -1, 2.768
1393.mp4, -1, -1, 2.768
1394.mp4, -1, -1, 2.768
1395.mp4, -1, -1, 2.768
1396.mp4, -1, -1, 2.768
1397.mp4, -1, -1, 2.768
1398.mp4, -1, -1, 2.768
1399.mp4, -1, -1, 2.768
1400.mp4, -1, -1, 2.768
1401.mp4, -1, -1, 2.768
1402.mp4, -1, -1, 2.768
1405.mp4, -1, -1, 2.768
1406.mp4, -1, -1, 2.768
1408.mp4, -1, -1, 2.768
1411.mp4, -1, -1, 2.768
1412.mp4, -1, -1, 2.768
1413.mp4, -1, -1, 2.768
1414.mp4, -1, -1, 2.768
1415.mp4, -1, -1, 2.768
1417.mp4, -1, -1, 2.768
1418.mp4, -1, -1, 2.768
1422.mp4, -1, -1, 2.772
1423.mp4, -1, -1, 2.772
1424.mp4, -1, -1, 2.772
1425.mp4, -1, -1, 2.772
1426.mp4, -1, -1, 2.772
1427.mp4, -1, -1, 2.772
1428.mp4, -1, -1, 2.779
1429.mp4, -1, -1, 2.779
1431.mp4, -1, -1, 2.779
1432.mp4, -1, -1, 2.779
1433.mp4, -1, -1, 2.779
1434.mp4, -1, -1, 2.779
1436.mp4, -1, -1, 2.786
1437.mp4, -1, -1, 2.786
1438.mp4, -1, -1, 2.786
1439.mp4, -1, -1, 2.786
1440.mp4, -1, -1, 2.786
1441.mp4, -1, -1, 2.786
1442.mp4, -1, -1, 2.786
1443.mp4, -1, -1, 2.786
1444.mp4, -1, -1, 2.786
1445.mp4, -1, -1, 2.786
1448.mp4, -1, -1, 2.786
1449.mp4, -1, -1, 2.786
1450.mp4, -1, -1, 2.786
1451.mp4, -1, -1, 2.786
1453.mp4, -1, -1, 2.786
1455.mp4, -1, -1, 2.786
1457.mp4, -1, -1, 2.786
1458.mp4, -1, -1, 2.794
1459.mp4, -1, -1, 2.794
1462.mp4, -1, -1, 2.794
1463.mp4, -1, -1, 2.794
1464.mp4, -1, -1, 2.794
1467.mp4, -1, -1, 2.794
1468.mp4, -1, -1, 2.794
1469.mp4, -1, -1, 2.794
1470.mp4, -1, -1, 2.794
1472.mp4, -1, -1, 2.794
1474.mp4, -1, -1, 2.794
1475.mp4, -1, -1, 2.794
1476.mp4, -1, -1, 2.800
1477.mp4, -1, -1, 2.800
1478.mp4, -1, -1, 2.800
1479.mp4, -1, -1, 2.800
1480.mp4, -1, -1, 2.800
1481.mp4, -1, -1, 2.800
1482.mp4, -1, -1, 2.800
1483.mp4, -1, -1, 2.804
1484.mp4, -1, -1, 2.804
1485.mp4, -1, -1, 2.804
1486.mp4, -1, -1, 2.804
1488.mp4, -1, -1, 2.804
1489.mp4, -1, -1, 2.804
1490.mp4, -1, -1, 2.804
1492.mp4, -1, -1, 2.804
1493.mp4, -1, -1, 2.804
1494.mp4, -1, -1, 2.804
1496.mp4, -1, -1, 2.804
1497.mp4, -1, -1, 2.804
1498.mp4, -1, -1, 2.804
1499.mp4, -1, -1, 2.804
1500.mp4, -1, -1, 2.804
1503.mp4, -1, -1, 2.804
1504.mp4, -1, -1, 2.804
1505.mp4, -1, -1, 2.804
1506.mp4, -1, -1, 2.804
1507.mp4, -1, -1, 2.804
1508.mp4, -1, -1, 2.804
1509.mp4, -1, -1, 2.804
1510.mp4, -1, -1, 2.804
1511.mp4, -1, -1, 2.804
1513.mp4, -1, -1, 2.804
1514.mp4, -1, -1, 2.804
1515.mp4, -1, -1, 2.804
1516.mp4, -1, -1, 2.804
1517.mp4, -1, -1, 2.804
1518.mp4, -1, -1, 2.804
1519.mp4, -1, -1, 2.804
1520.mp4, -1, -1, 2.804
1521.mp4, -1, -1, 2.806
1522.mp4, -1, -1, 2.806
1523.mp4, -1, -1, 2.806
1525.mp4, -1, -1, 2.819
1526.mp4, -1, -1, 2.819
1527.mp4, -1, -1, 2.819
1528.mp4, -1, -1, 2.819
1529.mp4, -1, -1, 2.819
1531.mp4, -1, -1, 2.819
1533.mp4, -1, -1, 2.819
1534.mp4, -1, -1, 2.819
1535.mp4, -1, -1, 2.819
1536.mp4, -1, -1, 2.819
1537.mp4, -1, -1, 2.819
1539.mp4, -1, -1, 2.819
1540.mp4, -1, -1, 2.819
1542.mp4, -1, -1, 2.819
1543.mp4, -1, -1, 2.819
1544.mp4, -1, -1, 2.819
1545.mp4, -1, -1, 2.819
1547.mp4, -1, -1, 2.819
1548.mp4, -1, -1, 2.819
1549.mp4, -1, -1, 2.819
1550.mp4, -1, -1, 2.826
1551.mp4, -1, -1, 2.826
1552.mp4, -1, -1, 2.826
1553.mp4, -1, -1, 2.826
1554.mp4, -1, -1, 2.826
1555.mp4, -1, -1, 2.826
1556.mp4, -1, -1, 2.826
1557.mp4, -1, -1, 2.826
1558.mp4, -1, -1, 2.826
1559.mp4, -1, -1, 2.826
1560.mp4, -1, -1, 2.826
1561.mp4, -1, -1, 2.826
1562.mp4, -1, -1, 2.826
1563.mp4, -1, -1, 2.826
1564.mp4, -1, -1, 2.826
1565.mp4, -1, -1, 2.826
1566.mp4, -1, -1, 2.826
1567.mp4, -1, -1, 2.826
1568.mp4, -1, -1, 2.826
1569.mp4, -1, -1, 2.826
1571.mp4, -1, -1, 2.826
1573.mp4, -1, -1, 2.826
1574.mp4, -1, -1, 2.827
1575.mp4, -1, -1, 2.827
1576.mp4, -1, -1, 2.827
1577.mp4, -1, -1, 2.827
1578.mp4, -1, -1, 2.827
1579.mp4, -1, -1, 2.827
1580.mp4, -1, -1, 2.827
1581.mp4, -1, -1, 2.827
1582.mp4, -1, -1, 2.827
1583.mp4, -1, -1, 2.833
1584.mp4, -1, -1, 2.833
1585.mp4, -1, -1, 2.833
1586.mp4, -1, -1, 2.833
1587.mp4, -1, -1, 2.833
1588.mp4, -1, -1, 2.833
1589.mp4, -1, -1, 2.833
1590.mp4, -1, -1, 2.833
1591.mp4, -1, -1, 2.833
1592.mp4, -1, -1, 2.840
1595.mp4, -1, -1, 2.840
1597.mp4, -1, -1, 2.840
1599.mp4, -1, -1, 2.840
1601.mp4, -1, -1, 2.840
1603.mp4, -1, -1, 2.840
1605.mp4, -1, -1, 2.840
1608.mp4, -1, -1, 2.840
1609.mp4, -1, -1, 2.840
1610.mp4, -1, -1, 2.840
1612.mp4, -1, -1, 2.840
1613.mp4, -1, -1, 2.840
1614.mp4, -1, -1, 2.840
1616.mp4, -1, -1, 2.840
1617.mp4, -1, -1, 2.840
1618.mp4, -1, -1, 2.840
1619.mp4, -1, -1, 2.840
1621.mp4, -1, -1, 2.840
1623.mp4, -1, -1, 2.840
1624.mp4, -1, -1, 2.840
1626.mp4, -1, -1, 2.840
1627.mp4, -1, -1, 2.840
1628.mp4, -1, -1, 2.840
1629.mp4, -1, -1, 2.840
1630.mp4, -1, -1, 2.840
1631.mp4, -1, -1, 2.840
1633.mp4, -1, -1, 2.840
1634.mp4, -1, -1, 2.840
1636.mp4, -1, -1, 2.840
1638.mp4, -1, -1, 2.840
1640.mp4, -1, -1, 2.840
1641.mp4, -1, -1, 2.840
1642.mp4, -1, -1, 2.840
1644.mp4, -1, -1, 2.840
1645.mp4, -1, -1, 2.840
1646.mp4, -1, -1, 2.840
1647.mp4, -1, -1, 2.840
1648.mp4, -1, -1, 2.840
1650.mp4, -1, -1, 2.840
1651.mp4, -1, -1, 2.840
1652.mp4, -1, -1, 2.840
1655.mp4, -1, -1, 2.840
1656.mp4, -1, -1, 2.840
1657.mp4, -1, -1, 2.840
1658.mp4, -1, -1, 2.852
1659.mp4, -1, -1, 2.852
1660.mp4, -1, -1, 2.852
1663.mp4, -1, -1, 2.852
1664.mp4, -1, -1, 2.852
1666.mp4, -1, -1, 2.852
1667.mp4, -1, -1, 2.852
1669.mp4, -1, -1, 2.852
1670.mp4, -1, -1, 2.852
1671.mp4, -1, -1, 2.852
1672.mp4, -1, -1, 2.852
1673.mp4, -1, -1, 2.852
1674.mp4, -1, -1, 2.852
1675.mp4, -1, -1, 2.852
1676.mp4, -1, -1, 2.852
1677.mp4, -1, -1, 2.852
1679.mp4, -1, -1, 2.852
1680.mp4, -1, -1, 2.852
1681.mp4, -1, -1, 2.852
1682.mp4, -1, -1, 2.854
1686.mp4, -1, -1, 2.854
1687.mp4, -1, -1, 2.854
1689.mp4, -1, -1, 2.854
1690.mp4, -1, -1, 2.854
1691.mp4, -1, -1, 2.858
1692.mp4, -1, -1, 2.858
1693.mp4, -1, -1, 2.858
1694.mp4, -1, -1, 2.858
1696.mp4, -1, -1, 2.858
1697.mp4, -1, -1, 2.858
1698.mp4, -1, -1, 2.858
1699.mp4, -1, -1, 2.858
1700.mp4, -1, -1, 2.858
1701.mp4, -1, -1, 2.858
1702.mp4, -1, -1, 2.858
1703.mp4, -1, -1, 2.858
1704.mp4, -1, -1, 2.858
1706.mp4, -1, -1, 2.859
1708.mp4, -1, -1, 2.859
1709.mp4, -1, -1, 2.859
1710.mp4, -1, -1, 2.859
1711.mp4, -1, -1, 2.875
1712.mp4, -1, -1, 2.875
1713.mp4, -1, -1, 2.875
1714.mp4, -1, -1, 2.875
1715.mp4, -1, -1, 2.875
1716.mp4, -1, -1, 2.875
1717.mp4, -1, -1, 2.875
1718.mp4, -1, -1, 2.875
1719.mp4, -1, -1, 2.875
1720.mp4, -1, -1, 2.875
1721.mp4, -1, -1, 2.875
1723.mp4, -1, -1, 2.875
1724.mp4, -1, -1, 2.875
1725.mp4, -1, -1, 2.875
1726.mp4, -1, -1, 2.875
1728.mp4, -1, -1, 2.875
1732.mp4, -1, -1, 2.875
1733.mp4, -1, -1, 2.875
1734.mp4, -1, -1, 2.875
1735.mp4, -1, -1, 2.875
1736.mp4, -1, -1, 2.875
1737.mp4, -1, -1, 2.875
1738.mp4, -1, -1, 2.875
1740.mp4, -1, -1, 2.875
1741.mp4, -1, -1, 2.875
1742.mp4, -1, -1, 2.875
1743.mp4, -1, -1, 2.875
1744.mp4, -1, -1, 2.875
1745.mp4, -1, -1, 2.875
1746.mp4, -1, -1, 2.875
1747.mp4, -1, -1, 2.875
1748.mp4, -1, -1, 2.875
1749.mp4, -1, -1, 2.875
1750.mp4, -1, -1, 2.875
1751.mp4, -1, -1, 2.875
1753.mp4, -1, -1, 2.875
1754.mp4, -1, -1, 2.875
1755.mp4, -1, -1, 2.875
1756.mp4, -1, -1, 2.875
1757.mp4, -1, -1, 2.875
1758.mp4, -1, -1, 2.875
1760.mp4, -1, -1, 2.875
1761.mp4, -1, -1, 2.875
1762.mp4, -1, -1, 2.875
1763.mp4, -1, -1, 2.875
1764.mp4, -1, -1, 2.875
1765.mp4, -1, -1, 2.875
1768.mp4, -1, -1, 2.882
1769.mp4, -1, -1, 2.882
1770.mp4, -1, -1, 2.882
1771.mp4, -1, -1, 2.882
1772.mp4, -1, -1, 2.882
1774.mp4, -1, -1, 2.882
1775.mp4, -1, -1, 2.882
1776.mp4, -1, -1, 2.882
1777.mp4, -1, -1, 2.882
1779.mp4, -1, -1, 2.882
1780.mp4, -1, -1, 2.882
1781.mp4, -1, -1, 2.882
1782.mp4, -1, -1, 2.882
1783.mp4, -1, -1, 2.882
1784.mp4, -1, -1, 2.886
1785.mp4, -1, -1, 2.886
1786.mp4, -1, -1, 2.886
1787.mp4, -1, -1, 2.886
1788.mp4, -1, -1, 2.886
1789.mp4, -1, -1, 2.886
1790.mp4, -1, -1, 2.886
1791.mp4, -1, -1, 2.886
1792.mp4, -1, -1, 2.886
1793.mp4, -1, -1, 2.886
1794.mp4, -1, -1, 2.886
1796.mp4, -1, -1, 2.886
1798.mp4, -1, -1, 2.886
1799.mp4, -1, -1, 2.886
1800.mp4, -1, -1, 2.886
1801.mp4, -1, -1, 2.886
1802.mp4, -1, -1, 2.886
1803.mp4, -1, -1, 2.886
1804.mp4, -1, -1, 2.886
1805.mp4, -1, -1, 2.886
1806.mp4, -1, -1, 2.886
1809.mp4, -1, -1, 2.886
1810.mp4, -1, -1, 2.886
1811.mp4, -1, -1, 2.886
1812.mp4, -1, -1, 2.886
1813.mp4, -1, -1, 2.886
1814.mp4, -1, -1, 2.886
1815.mp4, -1, -1, 2.890
1816.mp4, -1, -1, 2.890
1817.mp4, -1, -1, 2.890
1818.mp4, -1, -1, 2.890
1819.mp4, -1, -1, 2.890
1821.mp4, -1, -1, 2.890
1822.mp4, -1, -1, 2.890
1823.mp4, -1, -1, 2.890
1825.mp4, -1, -1, 2.890
1826.mp4, -1, -1, 2.890
1827.mp4, -1, -1, 2.890
1828.mp4, -1, -1, 2.890
1829.mp4, -1, -1, 2.890
1830.mp4, -1, -1, 2.890
1831.mp4, -1, -1, 2.890
1832.mp4, -1, -1, 2.909
1833.mp4, -1, -1, 2.909
1834.mp4, -1, -1, 2.909
1835.mp4, -1, -1, 2.909
1836.mp4, -1, -1, 2.909
1837.mp4, -1, -1, 2.909
1838.mp4, -1, -1, 2.909
1839.mp4, -1, -1, 2.909
1840.mp4, -1, -1, 2.909
1841.mp4, -1, -1, 2.909
1842.mp4, -1, -1, 2.909
1843.mp4, -1, -1, 2.911
1844.mp4, -1, -1, 2.911
1845.mp4, -1, -1, 2.911
1846.mp4, -1, -1, 2.911
1847.mp4, -1, -1, 2.911
1849.mp4, -1, -1, 2.911
1850.mp4, -1, -1, 2.911
1851.mp4, -1, -1, 2.911
1854.mp4, -1, -1, 2.911
1856.mp4, -1, -1, 2.911
1857.mp4, -1, -1, 2.911
1858.mp4, -1, -1, 2.911
1859.mp4, -1, -1, 2.911
1860.mp4, -1, -1, 2.911
1861.mp4, -1, -1, 2.911
1862.mp4, -1, -1, 2.911
1864.mp4, -1, -1, 2.911
1865.mp4, -1, -1, 2.911
1866.mp4, -1, -1, 2.911
1867.mp4, -1, -1, 2.911
1869.mp4, -1, -1, 2.911
1870.mp4, -1, -1, 2.911
1871.mp4, -1, -1, 2.911
1872.mp4, -1, -1, 2.911
1873.mp4, -1, -1, 2.911
1874.mp4, -1, -1, 2.911
1875.mp4, -1, -1, 2.911
1876.mp4, -1, -1, 2.911
1877.mp4, -1, -1, 2.911
1878.mp4, -1, -1, 2.911
1879.mp4, -1, -1, 2.911
1880.mp4, -1, -1, 2.911
1881.mp4, -1, -1, 2.911
1882.mp4, -1, -1, 2.911
1883.mp4, -1, -1, 2.911
1884.mp4, -1, -1, 2.911
1885.mp4, -1, -1, 2.911
1886.mp4, -1, -1, 2.911
1888.mp4, -1, -1, 2.911
1889.mp4, -1, -1, 2.911
1890.mp4, -1, -1, 2.911
1891.mp4, -1, -1, 2.911
1892.mp4, -1, -1, 2.912
1894.mp4, -1, -1, 2.912
1895.mp4, -1, -1, 2.919
1898.mp4, -1, -1, 2.919
1899.mp4, -1, -1, 2.919
1900.mp4, -1, -1, 2.919
1901.mp4, -1, -1, 2.919
1902.mp4, -1, -1, 2.919
1903.mp4, -1, -1, 2.919
1904.mp4, -1, -1, 2.919
1905.mp4, -1, -1, 2.919
1906.mp4, -1, -1, 2.919
1907.mp4, -1, -1, 2.919
1908.mp4, -1, -1, 2.919
1910.mp4, -1, -1, 2.919
1912.mp4, -1, -1, 2.919
1914.mp4, -1, -1, 2.922
1916.mp4, -1, -1, 2.922
1917.mp4, -1, -1, 2.922
1918.mp4, -1, -1, 2.922
1919.mp4, -1, -1, 2.922
1920.mp4, -1, -1, 2.922
1921.mp4, -1, -1, 2.922
1922.mp4, -1, -1, 2.922
1923.mp4, -1, -1, 2.922
1924.mp4, -1, -1, 2.922
1925.mp4, -1, -1, 2.922
1926.mp4, -1, -1, 2.922
1927.mp4, -1, -1, 2.922
1930.mp4, -1, -1, 2.922
1931.mp4, -1, -1, 2.922
1932.mp4, -1, -1, 2.922
1933.mp4, -1, -1, 2.936
1934.mp4, -1, -1, 2.936
1935.mp4, -1, -1, 2.936
1936.mp4, -1, -1, 2.936
1937.mp4, -1, -1, 2.936
1938.mp4, -1, -1, 2.936
1939.mp4, -1, -1, 2.936
1940.mp4, -1, -1, 2.936
1942.mp4, -1, -1, 2.939
1943.mp4, -1, -1, 2.939
1944.mp4, -1, -1, 2.939
1945.mp4, -1, -1, 2.939
1946.mp4, -1, -1, 2.939
1947.mp4, -1, -1, 2.947
1948.mp4, -1, -1, 2.947
1949.mp4, -1, -1, 2.947
1950.mp4, -1, -1, 2.947
1953.mp4, -1, -1, 2.947
1954.mp4, -1, -1, 2.947
1955.mp4, -1, -1, 2.947
1956.mp4, -1, -1, 2.947
1957.mp4, -1, -1, 2.947
1959.mp4, -1, -1, 2.947
1960.mp4, -1, -1, 2.947
1961.mp4, -1, -1, 2.947
1962.mp4, -1, -1, 2.947
1964.mp4, -1, -1, 2.947
1965.mp4, -1, -1, 2.947
1966.mp4, -1, -1, 2.947
1967.mp4, -1, -1, 2.947
1968.mp4, -1, -1, 2.947
1970.mp4, -1, -1, 2.947
1971.mp4, -1, -1, 2.947
1973.mp4, -1, -1, 2.947
1975.mp4, -1, -1, 2.947
1976.mp4, -1, -1, 2.947
1977.mp4, -1, -1, 2.947
1978.mp4, -1, -1, 2.947
1979.mp4, -1, -1, 2.947
1980.mp4, -1, -1, 2.947
1982.mp4, -1, -1, 2.947
1983.mp4, -1, -1, 2.947
1984.mp4, -1, -1, 2.947
1985.mp4, -1, -1, 2.947
1988.mp4, -1, -1, 2.947
1989.mp4, -1, -1, 2.947
1990.mp4, -1, -1, 2.947
1991.mp4, -1, -1, 2.947
1993.mp4, -1, -1, 2.947
1994.mp4, -1, -1, 2.947
1995.mp4, -1, -1, 2.947
1997.mp4, -1, -1, 2.947
1998.mp4, -1, -1, 2.947
1999.mp4, -1, -1, 2.947
2001.mp4, -1, -1, 2.947
2002.mp4, -1, -1, 2.947
2003.mp4, -1, -1, 2.947
2004.mp4, -1, -1, 2.952
2005.mp4, -1, -1, 2.952
2006.mp4, -1, -1, 2.952
2007.mp4, -1, -1, 2.952
2008.mp4, -1, -1, 2.952
2009.mp4, -1, -1, 2.952
2010.mp4, -1, -1, 2.952
2011.mp4, -1, -1, 2.952
2012.mp4, -1, -1, 2.952
2014.mp4, -1, -1, 2.952
2015.mp4, -1, -1, 2.952
2016.mp4, -1, -1, 2.952
2017.mp4, -1, -1, 2.952
2018.mp4, -1, -1, 2.952
2019.mp4, -1, -1, 2.952
2020.mp4, -1, -1, 2.952
2021.mp4, -1, -1, 2.952
2022.mp4, -1, -1, 2.952
2023.mp4, -1, -1, 2.952
2024.mp4, -1, -1, 2.952
2025.mp4, -1, -1, 2.952
2027.mp4, -1, -1, 2.954
2028.mp4, -1, -1, 2.954
2029.mp4, -1, -1, 2.954
2030.mp4, -1, -1, 2.954
2031.mp4, -1, -1, 2.954
2032.mp4, -1, -1, 2.954
2034.mp4, -1, -1, 2.954
2035.mp4, -1, -1, 2.954
2036.mp4, -1, -1, 2.954
2037.mp4, -1, -1, 2.954
2038.mp4, -1, -1, 2.954
2039.mp4, -1, -1, 2.954
2040.mp4, -1, -1, 2.954
2041.mp4, -1, -1, 2.954
2042.mp4, -1, -1, 2.954
2044.mp4, -1, -1, 2.964
2045.mp4, -1, -1, 2.964
2046.mp4, -1, -1, 2.964
2047.mp4, -1, -1, 2.964
2048.mp4, -1, -1, 2.964
2049.mp4, -1, -1, 2.964
2050.mp4, -1, -1, 2.964
2051.mp4, -1, -1, 2.964
2052.mp4, -1, -1, 2.964
2053.mp4, -1, -1, 2.964
2054.mp4, -1, -1, 2.964
2055.mp4, -1, -1, 2.964
2056.mp4, -1, -1, 2.964
2057.mp4, -1, -1, 2.965
2058.mp4, -1, -1, 2.965
2059.mp4, -1, -1, 2.965
2063.mp4, -1, -1, 2.983
2064.mp4, -1, -1, 2.983
2065.mp4, -1, -1, 2.983
2066.mp4, -1, -1, 2.983
2067.mp4, -1, -1, 2.983
2069.mp4, -1, -1, 2.983
2070.mp4, -1, -1, 2.983
2072.mp4, -1, -1, 2.983
2075.mp4, -1, -1, 2.983
2076.mp4, -1, -1, 2.983
2077.mp4, -1, -1, 2.983
2078.mp4, -1, -1, 2.983
2079.mp4, -1, -1, 2.983
2081.mp4, -1, -1, 2.983
2082.mp4, -1, -1, 2.983
2083.mp4, -1, -1, 2.983
2084.mp4, -1, -1, 2.983
2085.mp4, -1, -1, 2.983
2086.mp4, -1, -1, 2.983
2087.mp4, -1, -1, 2.983
2088.mp4, -1, -1, 2.983
2089.mp4, -1, -1, 2.983
2090.mp4, -1, -1, 2.983
2091.mp4, -1, -1, 2.983
2095.mp4, -1, -1, 2.983
2098.mp4, -1, -1, 2.983
2099.mp4, -1, -1, 2.983
2100.mp4, -1, -1, 2.983
2101.mp4, -1, -1, 2.983
2102.mp4, -1, -1, 2.983
2103.mp4, -1, -1, 2.983
2105.mp4, -1, -1, 2.983
2107.mp4, -1, -1, 2.983
2108.mp4, -1, -1, 2.983
2109.mp4, -1, -1, 2.983
2110.mp4, -1, -1, 2.983
2111.mp4, -1, -1, 2.983
2113.mp4, -1, -1, 2.985
2114.mp4, -1, -1, 2.985
2115.mp4, -1, -1, 2.985
2116.mp4, -1, -1, 2.985
2117.mp4, -1, -1, 2.985
2118.mp4, -1, -1, 2.985
2119.mp4, -1, -1, 2.985
2120.mp4, -1, -1, 2.985
2121.mp4, -1, -1, 2.985
2122.mp4, -1, -1, 2.985
2123.mp4, -1, -1, 2.985
2124.mp4, -1, -1, 2.985
2125.mp4, -1, -1, 2.985
2126.mp4, -1, -1, 2.985
2127.mp4, -1, -1, 2.985
2128.mp4, -1, -1, 2.985
2129.mp4, -1, -1, 2.985
2130.mp4, -1, -1, 2.985
2131.mp4, -1, -1, 2.985
2133.mp4, -1, -1, 2.985
2135.mp4, -1, -1, 2.985
2136.mp4, -1, -1, 2.985
2137.mp4, -1, -1, 2.985
2139.mp4, -1, -1, 2.985
2140.mp4, -1, -1, 2.985
2141.mp4, -1, -1, 2.985
2142.mp4, -1, -1, 2.985
2143.mp4, -1, -1, 2.985
2144.mp4, -1, -1, 2.985
2145.mp4, -1, -1, 2.986
2146.mp4, -1, -1, 2.986
2147.mp4, -1, -1, 2.986
2148.mp4, -1, -1, 2.986
2150.mp4, -1, -1, 2.986
2151.mp4, -1, -1, 2.986
2152.mp4, -1, -1, 2.986
2153.mp4, -1, -1, 2.986
2154.mp4, -1, -1, 2.986
2155.mp4, -1, -1, 2.986
2156.mp4, -1, -1, 2.986
2157.mp4, -1, -1, 2.986
2158.mp4, -1, -1, 2.986
2159.mp4, -1, -1, 2.986
2160.mp4, -1, -1, 2.986
2161.mp4, -1, -1, 2.986
2162.mp4, -1, -1, 2.986
2163.mp4, -1, -1, 2.986
2165.mp4, -1, -1, 2.986
2166.mp4, -1, -1, 2.986
2167.mp4, -1, -1, 2.986
2168.mp4, -1, -1, 2.991
2169.mp4, -1, -1, 2.991
2170.mp4, -1, -1, 2.991
2171.mp4, -1, -1, 2.991
2172.mp4, -1, -1, 2.991
2173.mp4, -1, -1, 2.991
2174.mp4, -1, -1, 2.991
2175.mp4, -1, -1, 2.991
2176.mp4, -1, -1, 2.991
2177.mp4, -1, -1, 2.991
2180.mp4, -1, -1, 2.991
2181.mp4, -1, -1, 2.991
2182.mp4, -1, -1, 2.991
2183.mp4, -1, -1, 2.992
2184.mp4, -1, -1, 2.992
2185.mp4, -1, -1, 2.992
2186.mp4, -1, -1, 2.992
2187.mp4, -1, -1, 2.992
2189.mp4, -1, -1, 2.992
2192.mp4, -1, -1, 2.992
2193.mp4, -1, -1, 2.992
2194.mp4, -1, -1, 2.992
2195.mp4, -1, -1, 2.992
2196.mp4, -1, -1, 2.992
2197.mp4, -1, -1, 2.992
2198.mp4, -1, -1, 2.992
2200.mp4, -1, -1, 3.018
2201.mp4, -1, -1, 3.018
2202.mp4, -1, -1, 3.018
2204.mp4, -1, -1, 3.018
2206.mp4, -1, -1, 3.018
2207.mp4, -1, -1, 3.018
2209.mp4, -1, -1, 3.018
2210.mp4, -1, -1, 3.018
2211.mp4, -1, -1, 3.018
2212.mp4, -1, -1, 3.018
2214.mp4, -1, -1, 3.018
2216.mp4, -1, -1, 3.018
2217.mp4, -1, -1, 3.018
2218.mp4, -1, -1, 3.018
2219.mp4, -1, -1, 3.018
2220.mp4, -1, -1, 3.018
2221.mp4, -1, -1, 3.018
2222.mp4, -1, -1, 3.018
2223.mp4, -1, -1, 3.018
2224.mp4, -1, -1, 3.018
2225.mp4, -1, -1, 3.018
2226.mp4, -1, -1, 3.018
2227.mp4, -1, -1, 3.018
2228.mp4, -1, -1, 3.018
2229.mp4, -1, -1, 3.018
2230.mp4, -1, -1, 3.018
2231.mp4, -1, -1, 3.018
2233.mp4, -1, -1, 3.018
2234.mp4, -1, -1, 3.018
2235.mp4, -1, -1, 3.018
2236.mp4, -1, -1, 3.018
2237.mp4, -1, -1, 3.018
2238.mp4, -1, -1, 3.018
2241.mp4, -1, -1, 3.018
2242.mp4, -1, -1, 3.018
2243.mp4, -1, -1, 3.018
2244.mp4, -1, -1, 3.018
2245.mp4, -1, -1, 3.018
2246.mp4, -1, -1, 3.018
2247.mp4, -1, -1, 3.018
2248.mp4, -1, -1, 3.018
2249.mp4, -1, -1, 3.018
2250.mp4, -1, -1, 3.018
2251.mp4, -1, -1, 3.018
2252.mp4, -1, -1, 3.018
2253.mp4, -1, -1, 3.018
2254.mp4, -1, -1, 3.018
2256.mp4, -1, -1, 3.018
2257.mp4, -1, -1, 3.018
2258.mp4, -1, -1, 3.018
2259.mp4, -1, -1, 3.018
2260.mp4, -1, -1, 3.018
2261.mp4, -1, -1, 3.018
2262.mp4, -1, -1, 3.018
2263.mp4, -1, -1, 3.018
2266.mp4, -1, -1, 3.018
2267.mp4, -1, -1, 3.018
2269.mp4, -1, -1, 3.018
2270.mp4, -1, -1, 3.018
2271.mp4, -1, -1, 3.018
2272.mp4, -1, -1, 3.018
2273.mp4, -1, -1, 3.018
2274.mp4, -1, -1, 3.018
2275.mp4, -1, -1, 3.018
2276.mp4, -1, -1, 3.018
2277.mp4, -1, -1, 3.018
2278.mp4, -1, -1, 3.018
2279.mp4, -1, -1, 3.018
2280.mp4, -1, -1, 3.018
2281.mp4, -1, -1, 3.018
2282.mp4, -1, -1, 3.018
2283.mp4, -1, -1, 3.018
2285.mp4, -1, -1, 3.018
2286.mp4, -1, -1, 3.018
2287.mp4, -1, -1, 3.018
2288.mp4, -1, -1, 3.018
2289.mp4, -1, -1, 3.018
2290.mp4, -1, -1, 3.018
2292.mp4, -1, -1, 3.018
2293.mp4, -1, -1, 3.018
2294.mp4, -1, -1, 3.018
2295.mp4, -1, -1, 3.018
2296.mp4, -1, -1, 3.018
2297.mp4, -1, -1, 3.018
2298.mp4, -1, -1, 3.018
2299.mp4, -1, -1, 3.018
2300.mp4, -1, -1, 3.018
2301.mp4, -1, -1, 3.018
2302.mp4, -1, -1, 3.018
2304.mp4, -1, -1, 3.018
2305.mp4, -1, -1, 3.018
2307.mp4, -1, -1, 3.018
2308.mp4, -1, -1, 3.018
2309.mp4, -1, -1, 3.018
2310.mp4, -1, -1, 3.018
2311.mp4, -1, -1, 3.018
2312.mp4, -1, -1, 3.018
2313.mp4, -1, -1, 3.018
2314.mp4, -1, -1, 3.018
2316.mp4, -1, -1, 3.018
2318.mp4, -1, -1, 3.018
2319.mp4, -1, -1, 3.018
2321.mp4, -1, -1, 3.018
2322.mp4, -1, -1, 3.018
2323.mp4, -1, -1, 3.018
2324.mp4, -1, -1, 3.018
2325.mp4, -1, -1, 3.018
2329.mp4, -1, -1, 3.018
2331.mp4, -1, -1, 3.018
2334.mp4, -1, -1, 3.018
2336.mp4, -1, -1, 3.018
2337.mp4, -1, -1, 3.018
2338.mp4, -1, -1, 3.018
2339.mp4, -1, -1, 3.018
2341.mp4, -1, -1, 3.045
2342.mp4, -1, -1, 3.045
2344.mp4, -1, -1, 3.045
2345.mp4, -1, -1, 3.045
2346.mp4, -1, -1, 3.046
2348.mp4, -1, -1, 3.046
2349.mp4, -1, -1, 3.046
2350.mp4, -1, -1, 3.046
2351.mp4, -1, -1, 3.046
2352.mp4, -1, -1, 3.046
2353.mp4, -1, -1, 3.046
2354.mp4, -1, -1, 3.046
2355.mp4, -1, -1, 3.046
2356.mp4, -1, -1, 3.046
2357.mp4, -1, -1, 3.046
2358.mp4, -1, -1, 3.046
2360.mp4, -1, -1, 3.046
2361.mp4, -1, -1, 3.050
2362.mp4, -1, -1, 3.050
2363.mp4, -1, -1, 3.050
2364.mp4, -1, -1, 3.050
2365.mp4, -1, -1, 3.050
2366.mp4, -1, -1, 3.050
2367.mp4, -1, -1, 3.050
2368.mp4, -1, -1, 3.050
2369.mp4, -1, -1, 3.050
2370.mp4, -1, -1, 3.050
2372.mp4, -1, -1, 3.050
2373.mp4, -1, -1, 3.050
2374.mp4, -1, -1, 3.050
2375.mp4, -1, -1, 3.050
2377.mp4, -1, -1, 3.050
2378.mp4, -1, -1, 3.050
2380.mp4, -1, -1, 3.050
2381.mp4, -1, -1, 3.050
2382.mp4, -1, -1, 3.051
2383.mp4, -1, -1, 3.051
2386.mp4, -1, -1, 3.051
2387.mp4, -1, -1, 3.051
2388.mp4, -1, -1, 3.051
2392.mp4, -1, -1, 3.051
2393.mp4, -1, -1, 3.051
2394.mp4, -1, -1, 3.051
2397.mp4, -1, -1, 3.051
2398.mp4, -1, -1, 3.051
2400.mp4, -1, -1, 3.051
2401.mp4, -1, -1, 3.054
2402.mp4, -1, -1, 3.054
2403.mp4, -1, -1, 3.054
2404.mp4, -1, -1, 3.054
2405.mp4, -1, -1, 3.054
2406.mp4, -1, -1, 3.054
2407.mp4, -1, -1, 3.054
2409.mp4, -1, -1, 3.054
2410.mp4, -1, -1, 3.054
2411.mp4, -1, -1, 3.054
2412.mp4, -1, -1, 3.054
2413.mp4, -1, -1, 3.054
2414.mp4, -1, -1, 3.054
2415.mp4, -1, -1, 3.054
2416.mp4, -1, -1, 3.054
2417.mp4, -1, -1, 3.054
2418.mp4, -1, -1, 3.054
2419.mp4, -1, -1, 3.054
2421.mp4, -1, -1, 3.054
2422.mp4, -1, -1, 3.054
2423.mp4, -1, -1, 3.054
2424.mp4, -1, -1, 3.054
2425.mp4, -1, -1, 3.054
2426.mp4, -1, -1, 3.054
2427.mp4, -1, -1, 3.054
2429.mp4, -1, -1, 3.054
2430.mp4, -1, -1, 3.054
2431.mp4, -1, -1, 3.054
2432.mp4, -1, -1, 3.054
2433.mp4, -1, -1, 3.054
2434.mp4, -1, -1, 3.054
2435.mp4, -1, -1, 3.054
2436.mp4, -1, -1, 3.054
2437.mp4, -1, -1, 3.054
2438.mp4, -1, -1, 3.054
2441.mp4, -1, -1, 3.054
2442.mp4, -1, -1, 3.054
2443.mp4, -1, -1, 3.054
2444.mp4, -1, -1, 3.054
2445.mp4, -1, -1, 3.054
2446.mp4, -1, -1, 3.054
2447.mp4, -1, -1, 3.054
2448.mp4, -1, -1, 3.054
2449.mp4, -1, -1, 3.054
2450.mp4, -1, -1, 3.054
2451.mp4, -1, -1, 3.054
2452.mp4, -1, -1, 3.054
2453.mp4, -1, -1, 3.054
2454.mp4, -1, -1, 3.054
2455.mp4, -1, -1, 3.054
2457.mp4, -1, -1, 3.054
2458.mp4, -1, -1, 3.054
2459.mp4, -1, -1, 3.054
2460.mp4, -1, -1, 3.054
2461.mp4, -1, -1, 3.054
2464.mp4, -1, -1, 3.071
2465.mp4, -1, -1, 3.071
2467.mp4, -1, -1, 3.071
2468.mp4, -1, -1, 3.071
2469.mp4, -1, -1, 3.071
2470.mp4, -1, -1, 3.071
2472.mp4, -1, -1, 3.071
2474.mp4, -1, -1, 3.073
2475.mp4, -1, -1, 3.073
2476.mp4, -1, -1, 3.073
2477.mp4, -1, -1, 3.073
2478.mp4, -1, -1, 3.073
2479.mp4, -1, -1, 3.073
2480.mp4, -1, -1, 3.073
2481.mp4, -1, -1, 3.073
2483.mp4, -1, -1, 3.073
2485.mp4, -1, -1, 3.073
2486.mp4, -1, -1, 3.073
2487.mp4, -1, -1, 3.073
2488.mp4, -1, -1, 3.082
2489.mp4, -1, -1, 3.082
2490.mp4, -1, -1, 3.082
2491.mp4, -1, -1, 3.082
2492.mp4, -1, -1, 3.082
2493.mp4, -1, -1, 3.082
2494.mp4, -1, -1, 3.082
2495.mp4, -1, -1, 3.082
2496.mp4, -1, -1, 3.082
2497.mp4, -1, -1, 3.082
2498.mp4, -1, -1, 3.082
2499.mp4, -1, -1, 3.082
2500.mp4, -1, -1, 3.082
2501.mp4, -1, -1, 3.082
2502.mp4, -1, -1, 3.082
2504.mp4, -1, -1, 3.082
2506.mp4, -1, -1, 3.082
2507.mp4, -1, -1, 3.082
2509.mp4, -1, -1, 3.082
2511.mp4, -1, -1, 3.082
2513.mp4, -1, -1, 3.085
2515.mp4, -1, -1, 3.085
2517.mp4, -1, -1, 3.085
2518.mp4, -1, -1, 3.085
2519.mp4, -1, -1, 3.085
2520.mp4, -1, -1, 3.085
2521.mp4, -1, -1, 3.085
2522.mp4, -1, -1, 3.085
2523.mp4, -1, -1, 3.085
2525.mp4, -1, -1, 3.085
2526.mp4, -1, -1, 3.085
2528.mp4, -1, -1, 3.085
2529.mp4, -1, -1, 3.085
2530.mp4, -1, -1, 3.090
2531.mp4, -1, -1, 3.090
2533.mp4, -1, -1, 3.090
2534.mp4, -1, -1, 3.090
2536.mp4, -1, -1, 3.090
2537.mp4, -1, -1, 3.090
2538.mp4, -1, -1, 3.090
2539.mp4, -1, -1, 3.090
2540.mp4, -1, -1, 3.090
2541.mp4, -1, -1, 3.090
2542.mp4, -1, -1, 3.090
2543.mp4, -1, -1, 3.090
2544.mp4, -1, -1, 3.090
2546.mp4, -1, -1, 3.090
2547.mp4, -1, -1, 3.090
2548.mp4, -1, -1, 3.090
2549.mp4, -1, -1, 3.090
2550.mp4, -1, -1, 3.090
2551.mp4, -1, -1, 3.090
2552.mp4, -1, -1, 3.090
2553.mp4, -1, -1, 3.090
2555.mp4, -1, -1, 3.090
2556.mp4, -1, -1, 3.090
2557.mp4, -1, -1, 3.090
2558.mp4, -1, -1, 3.090
2559.mp4, -1, -1, 3.090
2560.mp4, -1, -1, 3.090
2561.mp4, -1, -1, 3.090
2562.mp4, -1, -1, 3.090
2563.mp4, -1, -1, 3.090
2565.mp4, -1, -1, 3.090
2566.mp4, -1, -1, 3.090
2567.mp4, -1, -1, 3.090
2569.mp4, -1, -1, 3.090
2570.mp4, -1, -1, 3.090
2571.mp4, -1, -1, 3.090
2572.mp4, -1, -1, 3.090
2573.mp4, -1, -1, 3.090
2574.mp4, -1, -1, 3.090
2575.mp4, -1, -1, 3.090
2577.mp4, -1, -1, 3.098
2578.mp4, -1, -1, 3.098
2580.mp4, -1, -1, 3.098
2581.mp4, -1, -1, 3.098
2582.mp4, -1, -1, 3.098
2583.mp4, -1, -1, 3.098
2584.mp4, -1, -1, 3.098
2585.mp4, -1, -1, 3.098
2586.mp4, -1, -1, 3.098
2588.mp4, -1, -1, 3.098
2590.mp4, -1, -1, 3.100
2591.mp4, -1, -1, 3.100
2592.mp4, -1, -1, 3.100
2593.mp4, -1, -1, 3.100
2594.mp4, -1, -1, 3.100
2595.mp4, -1, -1, 3.100
2600.mp4, -1, -1, 3.100
2601.mp4, -1, -1, 3.100
2602.mp4, -1, -1, 3.100
2603.mp4, -1, -1, 3.100
2605.mp4, -1, -1, 3.114
2606.mp4, -1, -1, 3.114
2607.mp4, -1, -1, 3.114
2608.mp4, -1, -1, 3.114
2609.mp4, -1, -1, 3.114
2611.mp4, -1, -1, 3.114
2612.mp4, -1, -1, 3.114
2613.mp4, -1, -1, 3.114
2614.mp4, -1, -1, 3.114
2615.mp4, -1, -1, 3.114
2616.mp4, -1, -1, 3.114
2617.mp4, -1, -1, 3.114
2618.mp4, -1, -1, 3.114
2619.mp4, -1, -1, 3.114
2620.mp4, -1, -1, 3.114
2622.mp4, -1, -1, 3.114
2625.mp4, -1, -1, 3.114
2626.mp4, -1, -1, 3.114
2628.mp4, -1, -1, 3.114
2630.mp4, -1, -1, 3.118
2631.mp4, -1, -1, 3.118
2632.mp4, -1, -1, 3.118
2633.mp4, -1, -1, 3.118
2634.mp4, -1, -1, 3.118
2635.mp4, -1, -1, 3.118
2636.mp4, -1, -1, 3.118
2637.mp4, -1, -1, 3.118
2638.mp4, -1, -1, 3.118
2639.mp4, -1, -1, 3.118
2640.mp4, -1, -1, 3.118
2641.mp4, -1, -1, 3.118
2643.mp4, -1, -1, 3.118
2644.mp4, -1, -1, 3.118
2645.mp4, -1, -1, 3.118
2646.mp4, -1, -1, 3.118
2647.mp4, -1, -1, 3.118
2648.mp4, -1, -1, 3.118
2649.mp4, -1, -1, 3.118
2651.mp4, -1, -1, 3.118
2652.mp4, -1, -1, 3.118
2653.mp4, -1, -1, 3.118
2654.mp4, -1, -1, 3.118
2655.mp4, -1, -1, 3.118
2656.mp4, -1, -1, 3.118
2658.mp4, -1, -1, 3.124
2659.mp4, -1, -1, 3.124
2661.mp4, -1, -1, 3.124
2662.mp4, -1, -1, 3.124
2664.mp4, -1, -1, 3.124
2666.mp4, -1, -1, 3.124
2667.mp4, -1, -1, 3.126
2668.mp4, -1, -1, 3.126
2669.mp4, -1, -1, 3.126
2670.mp4, -1, -1, 3.126
2671.mp4, -1, -1, 3.126
2672.mp4, -1, -1, 3.126
2674.mp4, -1, -1, 3.126
2675.mp4, -1, -1, 3.126
2676.mp4, -1, -1, 3.126
2677.mp4, -1, -1, 3.126
2678.mp4, -1, -1, 3.126
2680.mp4, -1, -1, 3.126
2681.mp4, -1, -1, 3.126
2682.mp4, -1, -1, 3.126
2683.mp4, -1, -1, 3.126
2684.mp4, -1, -1, 3.126
2685.mp4, -1, -1, 3.126
2687.mp4, -1, -1, 3.126
2688.mp4, -1, -1, 3.126
2689.mp4, -1, -1, 3.126
2691.mp4, -1, -1, 3.126
2692.mp4, -1, -1, 3.126
2693.mp4, -1, -1, 3.126
2694.mp4, -1, -1, 3.126
2695.mp4, -1, -1, 3.126
2696.mp4, -1, -1, 3.126
2697.mp4, -1, -1, 3.126
2698.mp4, -1, -1, 3.126
2700.mp4, -1, -1, 3.126
2701.mp4, -1, -1, 3.126
2702.mp4, -1, -1, 3.126
2703.mp4, -1, -1, 3.126
2704.mp4, -1, -1, 3.126
2705.mp4, -1, -1, 3.126
2706.mp4, -1, -1, 3.126
2707.mp4, -1, -1, 3.126
2708.mp4, -1, -1, 3.126
2709.mp4, -1, -1, 3.126
2710.mp4, -1, -1, 3.126
2711.mp4, -1, -1, 3.126
2712.mp4, -1, -1, 3.126
2713.mp4, -1, -1, 3.126
2714.mp4, -1, -1, 3.126
2715.mp4, -1, -1, 3.126
2717.mp4, -1, -1, 3.126
2718.mp4, -1, -1, 3.126
2719.mp4, -1, -1, 3.126
2721.mp4, -1, -1, 3.126
2722.mp4, -1, -1, 3.126
2724.mp4, -1, -1, 3.126
2725.mp4, -1, -1, 3.126
2726.mp4, -1, -1, 3.126
2728.mp4, -1, -1, 3.126
2729.mp4, -1, -1, 3.126
2731.mp4, -1, -1, 3.126
2732.mp4, -1, -1, 3.126
2733.mp4, -1, -1, 3.126
2734.mp4, -1, -1, 3.128
2735.mp4, -1, -1, 3.128
2736.mp4, -1, -1, 3.128
2738.mp4, -1, -1, 3.128
2739.mp4, -1, -1, 3.128
2740.mp4, -1, -1, 3.128
2741.mp4, -1, -1, 3.128
2742.mp4, -1, -1, 3.128
2743.mp4, -1, -1, 3.146
2744.mp4, -1, -1, 3.146
2745.mp4, -1, -1, 3.146
2746.mp4, -1, -1, 3.146
2747.mp4, -1, -1, 3.146
2748.mp4, -1, -1, 3.146
2749.mp4, -1, -1, 3.146
2752.mp4, -1, -1, 3.146
2753.mp4, -1, -1, 3.146
2755.mp4, -1, -1, 3.146
2757.mp4, -1, -1, 3.146
2758.mp4, -1, -1, 3.146
2759.mp4, -1, -1, 3.146
2760.mp4, -1, -1, 3.146
2761.mp4, -1, -1, 3.146
2762.mp4, -1, -1, 3.146
2763.mp4, -1, -1, 3.146
2764.mp4, -1, -1, 3.146
2765.mp4, -1, -1, 3.151
2766.mp4, -1, -1, 3.151
2767.mp4, -1, -1, 3.151
2768.mp4, -1, -1, 3.151
2769.mp4, -1, -1, 3.151
2770.mp4, -1, -1, 3.151
2771.mp4, -1, -1, 3.151
2773.mp4, -1, -1, 3.151
2774.mp4, -1, -1, 3.151
2775.mp4, -1, -1, 3.151
2776.mp4, -1, -1, 3.151
2777.mp4, -1, -1, 3.151
2778.mp4, -1, -1, 3.151
2779.mp4, -1, -1, 3.151
2780.mp4, -1, -1, 3.151
2781.mp4, -1, -1, 3.151
2782.mp4, -1, -1, 3.151
2784.mp4, -1, -1, 3.151
2785.mp4, -1, -1, 3.151
2786.mp4, -1, -1, 3.151
2787.mp4, -1, -1, 3.151
2788.mp4, -1, -1, 3.151
2789.mp4, -1, -1, 3.151
2790.mp4, -1, -1, 3.151
2791.mp4, -1, -1, 3.151
2792.mp4, -1, -1, 3.151
2793.mp4, -1, -1, 3.151
2794.mp4, -1, -1, 3.151
2796.mp4, -1, -1, 3.151
2798.mp4, -1, -1, 3.151
2799.mp4, -1, -1, 3.155
2800.mp4, -1, -1, 3.155
2801.mp4, -1, -1, 3.155
2802.mp4, -1, -1, 3.155
2803.mp4, -1, -1, 3.155
2804.mp4, -1, -1, 3.155
2806.mp4, -1, -1, 3.161
2807.mp4, -1, -1, 3.161
2808.mp4, -1, -1, 3.161
2809.mp4, -1, -1, 3.161
2810.mp4, -1, -1, 3.161
2811.mp4, -1, -1, 3.161
2812.mp4, -1, -1, 3.161
2813.mp4, -1, -1, 3.161
2814.mp4, -1, -1, 3.161
2815.mp4, -1, -1, 3.161
2817.mp4, -1, -1, 3.161
2818.mp4, -1, -1, 3.161
2819.mp4, -1, -1, 3.161
2820.mp4, -1, -1, 3.161
2821.mp4, -1, -1, 3.161
2822.mp4, -1, -1, 3.161
2823.mp4, -1, -1, 3.161
2825.mp4, -1, -1, 3.161
2826.mp4, -1, -1, 3.161
2827.mp4, -1, -1, 3.161
2828.mp4, -1, -1, 3.161
2829.mp4, -1, -1, 3.161
2830.mp4, -1, -1, 3.161
2831.mp4, -1, -1, 3.161
2832.mp4, -1, -1, 3.161
2833.mp4, -1, -1, 3.161
2835.mp4, -1, -1, 3.161
2837.mp4, -1, -1, 3.161
2839.mp4, -1, -1, 3.161
2840.mp4, -1, -1, 3.161
2841.mp4, -1, -1, 3.161
2842.mp4, -1, -1, 3.161
2843.mp4, -1, -1, 3.161
2844.mp4, -1, -1, 3.161
2846.mp4, -1, -1, 3.161
2847.mp4, -1, -1, 3.161
2848.mp4, -1, -1, 3.161
2849.mp4, -1, -1, 3.161
2850.mp4, -1, -1, 3.161
2851.mp4, -1, -1, 3.161
2852.mp4, -1, -1, 3.161
2853.mp4, -1, -1, 3.161
2855.mp4, -1, -1, 3.161
2856.mp4, -1, -1, 3.161
2857.mp4, -1, -1, 3.178
2858.mp4, -1, -1, 3.178
2859.mp4, -1, -1, 3.178
2860.mp4, -1, -1, 3.178
2861.mp4, -1, -1, 3.178
2862.mp4, -1, -1, 3.178
2863.mp4, -1, -1, 3.178
2864.mp4, -1, -1, 3.178
2865.mp4, -1, -1, 3.178
2866.mp4, -1, -1, 3.178
2867.mp4, -1, -1, 3.178
2868.mp4, -1, -1, 3.178
2869.mp4, -1, -1, 3.178
2871.mp4, -1, -1, 3.178
2872.mp4, -1, -1, 3.178
2873.mp4, -1, -1, 3.178
2874.mp4, -1, -1, 3.178
2876.mp4, -1, -1, 3.178
2878.mp4, -1, -1, 3.178
2879.mp4, -1, -1, 3.178
2880.mp4, -1, -1, 3.178
2881.mp4, -1, -1, 3.178
2882.mp4, -1, -1, 3.178
2883.mp4, -1, -1, 3.178
2884.mp4, -1, -1, 3.178
2885.mp4, -1, -1, 3.178
2886.mp4, -1, -1, 3.178
2888.mp4, -1, -1, 3.178
2889.mp4, -1, -1, 3.182
2892.mp4, -1, -1, 3.182
2893.mp4, -1, -1, 3.182
2895.mp4, -1, -1, 3.182
2896.mp4, -1, -1, 3.182
2897.mp4, -1, -1, 3.182
2898.mp4, -1, -1, 3.182
2899.mp4, -1, -1, 3.184
2900.mp4, -1, -1, 3.184
2902.mp4, -1, -1, 3.184
2904.mp4, -1, -1, 3.184
2906.mp4, -1, -1, 3.184
2907.mp4, -1, -1, 3.184
2908.mp4, -1, -1, 3.184
2910.mp4, -1, -1, 3.184
2912.mp4, -1, -1, 3.184
2913.mp4, -1, -1, 3.184
2914.mp4, -1, -1, 3.184
2915.mp4, -1, -1, 3.184
2916.mp4, -1, -1, 3.184
2917.mp4, -1, -1, 3.184
2918.mp4, -1, -1, 3.184
2919.mp4, -1, -1, 3.184
2920.mp4, -1, -1, 3.197
2921.mp4, -1, -1, 3.197
2922.mp4, -1, -1, 3.197
2923.mp4, -1, -1, 3.197
2924.mp4, -1, -1, 3.197
2925.mp4, -1, -1, 3.197
2926.mp4, -1, -1, 3.197
2928.mp4, -1, -1, 3.197
2929.mp4, -1, -1, 3.197
2930.mp4, -1, -1, 3.197
2931.mp4, -1, -1, 3.197
2932.mp4, -1, -1, 3.197
2934.mp4, -1, -1, 3.197
2935.mp4, -1, -1, 3.197
2936.mp4, -1, -1, 3.197
2938.mp4, -1, -1, 3.197
2940.mp4, -1, -1, 3.197
2942.mp4, -1, -1, 3.197
2943.mp4, -1, -1, 3.197
2945.mp4, -1, -1, 3.197
2946.mp4, -1, -1, 3.197
2947.mp4, -1, -1, 3.197
2948.mp4, -1, -1, 3.197
2949.mp4, -1, -1, 3.197
2950.mp4, -1, -1, 3.197
2951.mp4, -1, -1, 3.197
2952.mp4, -1, -1, 3.197
2953.mp4, -1, -1, 3.197
2954.mp4, -1, -1, 3.197
2955.mp4, -1, -1, 3.197
2956.mp4, -1, -1, 3.197
2958.mp4, -1, -1, 3.197
2959.mp4, -1, -1, 3.197
2960.mp4, -1, -1, 3.197
2961.mp4, -1, -1, 3.197
2962.mp4, -1, -1, 3.197
2963.mp4, -1, -1, 3.197
2964.mp4, -1, -1, 3.204
2965.mp4, -1, -1, 3.204
2966.mp4, -1, -1, 3.204
2967.mp4, -1, -1, 3.204
2968.mp4, -1, -1, 3.204
2969.mp4, -1, -1, 3.204
2972.mp4, -1, -1, 3.204
2973.mp4, -1, -1, 3.204
2974.mp4, -1, -1, 3.204
2975.mp4, -1, -1, 3.210
2976.mp4, -1, -1, 3.210
2978.mp4, -1, -1, 3.210
2979.mp4, -1, -1, 3.210
2980.mp4, -1, -1, 3.210
2981.mp4, -1, -1, 3.210
2982.mp4, -1, -1, 3.210
2983.mp4, -1, -1, 3.211
2984.mp4, -1, -1, 3.211
2985.mp4, -1, -1, 3.211
2986.mp4, -1, -1, 3.211
2987.mp4, -1, -1, 3.211
2988.mp4, -1, -1, 3.211
2989.mp4, -1, -1, 3.211
2990.mp4, -1, -1, 3.211
2991.mp4, -1, -1, 3.211
2992.mp4, -1, -1, 3.211
2993.mp4, -1, -1, 3.211
2994.mp4, -1, -1, 3.211
2995.mp4, -1, -1, 3.211
2999.mp4, -1, -1, 3.211
3000.mp4, -1, -1, 3.211
3001.mp4, -1, -1, 3.211
3002.mp4, -1, -1, 3.211
3004.mp4, -1, -1, 3.217
3005.mp4, -1, -1, 3.217
3006.mp4, -1, -1, 3.217
3007.mp4, -1, -1, 3.217
3008.mp4, -1, -1, 3.217
3009.mp4, -1, -1, 3.217
3010.mp4, -1, -1, 3.217
3011.mp4, -1, -1, 3.217
3013.mp4, -1, -1, 3.217
3014.mp4, -1, -1, 3.217
3015.mp4, -1, -1, 3.217
3016.mp4, -1, -1, 3.217
3018.mp4, -1, -1, 3.217
3020.mp4, -1, -1, 3.231
3022.mp4, -1, -1, 3.231
3024.mp4, -1, -1, 3.231
3025.mp4, -1, -1, 3.231
3026.mp4, -1, -1, 3.231
3027.mp4, -1, -1, 3.231
3028.mp4, -1, -1, 3.233
3030.mp4, -1, -1, 3.233
3031.mp4, -1, -1, 3.233
3032.mp4, -1, -1, 3.233
3033.mp4, -1, -1, 3.233
3034.mp4, -1, -1, 3.233
3037.mp4, -1, -1, 3.233
3038.mp4, -1, -1, 3.233
3039.mp4, -1, -1, 3.233
3040.mp4, -1, -1, 3.233
3041.mp4, -1, -1, 3.233
3042.mp4, -1, -1, 3.233
3043.mp4, -1, -1, 3.233
3044.mp4, -1, -1, 3.233
3045.mp4, -1, -1, 3.233
3046.mp4, -1, -1, 3.233
3048.mp4, -1, -1, 3.233
3050.mp4, -1, -1, 3.233
3051.mp4, -1, -1, 3.233
3052.mp4, -1, -1, 3.233
3054.mp4, -1, -1, 3.233
3055.mp4, -1, -1, 3.233
3056.mp4, -1, -1, 3.233
3057.mp4, -1, -1, 3.233
3058.mp4, -1, -1, 3.233
3059.mp4, -1, -1, 3.233
3060.mp4, -1, -1, 3.233
3061.mp4, -1, -1, 3.233
3062.mp4, -1, -1, 3.233
3063.mp4, -1, -1, 3.233
3064.mp4, -1, -1, 3.233
3066.mp4, -1, -1, 3.233
3067.mp4, -1, -1, 3.233
3068.mp4, -1, -1, 3.233
3070.mp4, -1, -1, 3.233
3071.mp4, -1, -1, 3.233
3072.mp4, -1, -1, 3.233
3073.mp4, -1, -1, 3.233
3075.mp4, -1, -1, 3.233
3076.mp4, -1, -1, 3.233
3077.mp4, -1, -1, 3.233
3078.mp4, -1, -1, 3.233
3079.mp4, -1, -1, 3.233
3080.mp4, -1, -1, 3.233
3081.mp4, -1, -1, 3.233
3082.mp4, -1, -1, 3.233
3083.mp4, -1, -1, 3.233
3084.mp4, -1, -1, 3.233
3085.mp4, -1, -1, 3.233
3086.mp4, -1, -1, 3.233
3087.mp4, -1, -1, 3.233
3088.mp4, -1, -1, 3.233
3089.mp4, -1, -1, 3.233
3090.mp4, -1, -1, 3.233
3091.mp4, -1, -1, 3.233
3092.mp4, -1, -1, 3.233
3093.mp4, -1, -1, 3.233
3094.mp4, -1, -1, 3.233
3095.mp4, -1, -1, 3.233
3097.mp4, -1, -1, 3.233
3098.mp4, -1, -1, 3.237
3099.mp4, -1, -1, 3.237
3100.mp4, -1, -1, 3.237
3104.mp4, -1, -1, 3.237
3105.mp4, -1, -1, 3.237
3106.mp4, -1, -1, 3.243
3107.mp4, -1, -1, 3.243
3108.mp4, -1, -1, 3.243
3109.mp4, -1, -1, 3.243
3110.mp4, -1, -1, 3.243
3111.mp4, -1, -1, 3.243
3112.mp4, -1, -1, 3.243
3113.mp4, -1, -1, 3.243
3114.mp4, -1, -1, 3.243
3115.mp4, -1, -1, 3.243
3116.mp4, -1, -1, 3.243
3117.mp4, -1, -1, 3.243
3119.mp4, -1, -1, 3.243
3120.mp4, -1, -1, 3.243
3121.mp4, -1, -1, 3.243
3122.mp4, -1, -1, 3.243
3124.mp4, -1, -1, 3.243
3125.mp4, -1, -1, 3.243
3126.mp4, -1, -1, 3.243
3127.mp4, -1, -1, 3.243
3128.mp4, -1, -1, 3.243
3129.mp4, -1, -1, 3.251
3130.mp4, -1, -1, 3.251
3131.mp4, -1, -1, 3.251
3132.mp4, -1, -1, 3.251
3133.mp4, -1, -1, 3.251
3135.mp4, -1, -1, 3.251
3136.mp4, -1, -1, 3.251
3137.mp4, -1, -1, 3.251
3139.mp4, -1, -1, 3.251
3140.mp4, -1, -1, 3.251
3141.mp4, -1, -1, 3.251
3142.mp4, -1, -1, 3.251
3143.mp4, -1, -1, 3.251
3144.mp4, -1, -1, 3.251
3145.mp4, -1, -1, 3.251
3146.mp4, -1, -1, 3.257
3147.mp4, -1, -1, 3.257
3148.mp4, -1, -1, 3.257
3149.mp4, -1, -1, 3.257
3150.mp4, -1, -1, 3.257
3151.mp4, -1, -1, 3.257
3152.mp4, -1, -1, 3.257
3153.mp4, -1, -1, 3.264
3155.mp4, -1, -1, 3.264
3156.mp4, -1, -1, 3.264
3158.mp4, -1, -1, 3.264
3159.mp4, -1, -1, 3.268
3160.mp4, -1, -1, 3.268
3161.mp4, -1, -1, 3.268
3162.mp4, -1, -1, 3.268
3163.mp4, -1, -1, 3.268
3164.mp4, -1, -1, 3.268
3166.mp4, -1, -1, 3.268
3167.mp4, -1, -1, 3.268
3168.mp4, -1, -1, 3.268
3169.mp4, -1, -1, 3.268
3171.mp4, -1, -1, 3.268
3172.mp4, -1, -1, 3.268
3173.mp4, -1, -1, 3.268
3174.mp4, -1, -1, 3.268
3176.mp4, -1, -1, 3.268
3177.mp4, -1, -1, 3.268
3178.mp4, -1, -1, 3.268
3179.mp4, -1, -1, 3.268
3180.mp4, -1, -1, 3.268
3181.mp4, -1, -1, 3.268
3184.mp4, -1, -1, 3.268
3185.mp4, -1, -1, 3.268
3186.mp4, -1, -1, 3.268
3187.mp4, -1, -1, 3.268
3188.mp4, -1, -1, 3.268
3189.mp4, -1, -1, 3.268
3190.mp4, -1, -1, 3.268
3191.mp4, -1, -1, 3.268
3193.mp4, -1, -1, 3.268
3194.mp4, -1, -1, 3.268
3198.mp4, -1, -1, 3.268
3199.mp4, -1, -1, 3.268
3201.mp4, -1, -1, 3.268
3202.mp4, -1, -1, 3.268
3205.mp4, -1, -1, 3.268
3206.mp4, -1, -1, 3.268
3207.mp4, -1, -1, 3.268
3208.mp4, -1, -1, 3.268
3209.mp4, -1, -1, 3.268
3210.mp4, -1, -1, 3.268
3211.mp4, -1, -1, 3.268
3214.mp4, -1, -1, 3.275
3215.mp4, -1, -1, 3.275
3217.mp4, -1, -1, 3.275
3218.mp4, -1, -1, 3.275
3219.mp4, -1, -1, 3.275
3220.mp4, -1, -1, 3.275
3222.mp4, -1, -1, 3.275
3224.mp4, -1, -1, 3.275
3225.mp4, -1, -1, 3.275
3226.mp4, -1, -1, 3.275
3227.mp4, -1, -1, 3.275
3229.mp4, -1, -1, 3.275
3230.mp4, -1, -1, 3.275
3231.mp4, -1, -1, 3.275
3232.mp4, -1, -1, 3.284
3233.mp4, -1, -1, 3.284
3234.mp4, -1, -1, 3.284
3235.mp4, -1, -1, 3.284
3236.mp4, -1, -1, 3.284
3237.mp4, -1, -1, 3.284
3238.mp4, -1, -1, 3.284
3239.mp4, -1, -1, 3.284
3240.mp4, -1, -1, 3.284
3241.mp4, -1, -1, 3.284
3242.mp4, -1, -1, 3.284
3243.mp4, -1, -1, 3.284
3244.mp4, -1, -1, 3.284
3245.mp4, -1, -1, 3.284
3246.mp4, -1, -1, 3.284
3247.mp4, -1, -1, 3.284
3248.mp4, -1, -1, 3.284
3249.mp4, -1, -1, 3.284
3250.mp4, -1, -1, 3.284
3251.mp4, -1, -1, 3.284
3255.mp4, -1, -1, 3.284
3256.mp4, -1, -1, 3.284
3258.mp4, -1, -1, 3.292
3259.mp4, -1, -1, 3.292
3261.mp4, -1, -1, 3.292
3264.mp4, -1, -1, 3.304
3265.mp4, -1, -1, 3.304
3266.mp4, -1, -1, 3.304
3267.mp4, -1, -1, 3.304
3268.mp4, -1, -1, 3.304
3269.mp4, -1, -1, 3.304
3271.mp4, -1, -1, 3.304
3272.mp4, -1, -1, 3.304
3273.mp4, -1, -1, 3.304
3274.mp4, -1, -1, 3.304
3275.mp4, -1, -1, 3.304
3276.mp4, -1, -1, 3.304
3277.mp4, -1, -1, 3.304
3278.mp4, -1, -1, 3.304
3279.mp4, -1, -1, 3.304
3280.mp4, -1, -1, 3.304
3282.mp4, -1, -1, 3.304
3283.mp4, -1, -1, 3.304
3284.mp4, -1, -1, 3.304
3285.mp4, -1, -1, 3.304
3286.mp4, -1, -1, 3.304
3288.mp4, -1, -1, 3.304
3289.mp4, -1, -1, 3.304
3292.mp4, -1, -1, 3.304
3293.mp4, -1, -1, 3.304
3294.mp4, -1, -1, 3.304
3296.mp4, -1, -1, 3.304
3297.mp4, -1, -1, 3.304
3298.mp4, -1, -1, 3.304
3299.mp4, -1, -1, 3.304
3300.mp4, -1, -1, 3.304
3302.mp4, -1, -1, 3.304
3303.mp4, -1, -1, 3.304
3304.mp4, -1, -1, 3.304
3306.mp4, -1, -1, 3.304
3307.mp4, -1, -1, 3.304
3308.mp4, -1, -1, 3.304
3309.mp4, -1, -1, 3.304
3310.mp4, -1, -1, 3.304
3311.mp4, -1, -1, 3.304
3312.mp4, -1, -1, 3.304
3314.mp4, -1, -1, 3.304
3316.mp4, -1, -1, 3.304
3318.mp4, -1, -1, 3.304
3319.mp4, -1, -1, 3.307
3321.mp4, -1, -1, 3.307
3322.mp4, -1, -1, 3.307
3323.mp4, -1, -1, 3.307
3324.mp4, -1, -1, 3.307
3325.mp4, -1, -1, 3.307
3326.mp4, -1, -1, 3.307
3329.mp4, -1, -1, 3.307
3330.mp4, -1, -1, 3.307
3331.mp4, -1, -1, 3.307
3332.mp4, -1, -1, 3.307
3333.mp4, -1, -1, 3.307
3334.mp4, -1, -1, 3.310
3335.mp4, -1, -1, 3.310
3337.mp4, -1, -1, 3.310
3338.mp4, -1, -1, 3.310
3342.mp4, -1, -1, 3.317
3344.mp4, -1, -1, 3.317
3345.mp4, -1, -1, 3.317
3346.mp4, -1, -1, 3.317
3349.mp4, -1, -1, 3.317
3352.mp4, -1, -1, 3.317
3353.mp4, -1, -1, 3.317
3354.mp4, -1, -1, 3.317
3355.mp4, -1, -1, 3.317
3356.mp4, -1, -1, 3.317
3357.mp4, -1, -1, 3.319
3358.mp4, -1, -1, 3.319
3360.mp4, -1, -1, 3.319
3361.mp4, -1, -1, 3.319
3363.mp4, -1, -1, 3.337
3364.mp4, -1, -1, 3.337
3366.mp4, -1, -1, 3.337
3367.mp4, -1, -1, 3.337
3368.mp4, -1, -1, 3.339
3369.mp4, -1, -1, 3.339
3370.mp4, -1, -1, 3.339
3371.mp4, -1, -1, 3.339
3372.mp4, -1, -1, 3.339
3373.mp4, -1, -1, 3.339
3374.mp4, -1, -1, 3.339
3375.mp4, -1, -1, 3.339
3376.mp4, -1, -1, 3.339
3377.mp4, -1, -1, 3.339
3378.mp4, -1, -1, 3.339
3379.mp4, -1, -1, 3.339
3380.mp4, -1, -1, 3.339
3381.mp4, -1, -1, 3.339
3382.mp4, -1, -1, 3.339
3384.mp4, -1, -1, 3.339
3385.mp4, -1, -1, 3.339
3386.mp4, -1, -1, 3.339
3387.mp4, -1, -1, 3.339
3388.mp4, -1, -1, 3.339
3390.mp4, -1, -1, 3.339
3391.mp4, -1, -1, 3.339
3394.mp4, -1, -1, 3.340
3395.mp4, -1, -1, 3.340
3397.mp4, -1, -1, 3.340
3398.mp4, -1, -1, 3.340
3400.mp4, -1, -1, 3.340
3401.mp4, -1, -1, 3.340
3402.mp4, -1, -1, 3.340
3403.mp4, -1, -1, 3.340
3405.mp4, -1, -1, 3.340
3407.mp4, -1, -1, 3.340
3408.mp4, -1, -1, 3.340
3410.mp4, -1, -1, 3.340
3411.mp4, -1, -1, 3.340
3412.mp4, -1, -1, 3.340
3413.mp4, -1, -1, 3.340
3414.mp4, -1, -1, 3.340
3415.mp4, -1, -1, 3.340
3416.mp4, -1, -1, 3.340
3417.mp4, -1, -1, 3.340
3418.mp4, -1, -1, 3.340
3419.mp4, -1, -1, 3.340
3420.mp4, -1, -1, 3.340
3421.mp4, -1, -1, 3.340
3423.mp4, -1, -1, 3.340
3424.mp4, -1, -1, 3.340
3425.mp4, -1, -1, 3.340
3426.mp4, -1, -1, 3.340
3428.mp4, -1, -1, 3.340
3429.mp4, -1, -1, 3.340
3430.mp4, -1, -1, 3.340
3431.mp4, -1, -1, 3.340
3432.mp4, -1, -1, 3.340
3433.mp4, -1, -1, 3.340
3434.mp4, -1, -1, 3.340
3435.mp4, -1, -1, 3.340
3436.mp4, -1, -1, 3.340
3437.mp4, -1, -1, 3.340
3438.mp4, -1, -1, 3.340
3439.mp4, -1, -1, 3.340
3440.mp4, -1, -1, 3.340
3442.mp4, -1, -1, 3.340
3443.mp4, -1, -1, 3.340
3444.mp4, -1, -1, 3.340
3445.mp4, -1, -1, 3.340
3446.mp4, -1, -1, 3.340
3449.mp4, -1, -1, 3.346
3450.mp4, -1, -1, 3.346
3451.mp4, -1, -1, 3.346
3452.mp4, -1, -1, 3.346
3453.mp4, -1, -1, 3.346
3454.mp4, -1, -1, 3.346
3456.mp4, -1, -1, 3.346
3457.mp4, -1, -1, 3.346
3458.mp4, -1, -1, 3.346
3459.mp4, -1, -1, 3.346
3460.mp4, -1, -1, 3.346
3461.mp4, -1, -1, 3.346
3462.mp4, -1, -1, 3.346
3463.mp4, -1, -1, 3.350
3464.mp4, -1, -1, 3.350
3465.mp4, -1, -1, 3.350
3466.mp4, -1, -1, 3.350
3467.mp4, -1, -1, 3.350
3469.mp4, -1, -1, 3.350
3470.mp4, -1, -1, 3.350
3471.mp4, -1, -1, 3.350
3472.mp4, -1, -1, 3.350
3474.mp4, -1, -1, 3.350
3475.mp4, -1, -1, 3.350
3477.mp4, -1, -1, 3.350
3478.mp4, -1, -1, 3.363
3479.mp4, -1, -1, 3.363
3480.mp4, -1, -1, 3.363
3482.mp4, -1, -1, 3.363
3483.mp4, -1, -1, 3.363
3484.mp4, -1, -1, 3.363
3485.mp4, -1, -1, 3.363
3486.mp4, -1, -1, 3.371
3487.mp4, -1, -1, 3.371
3488.mp4, -1, -1, 3.371
3489.mp4, -1, -1, 3.371
3491.mp4, -1, -1, 3.371
3492.mp4, -1, -1, 3.371
3494.mp4, -1, -1, 3.371
3495.mp4, -1, -1, 3.371
3496.mp4, -1, -1, 3.371
3499.mp4, -1, -1, 3.371
3500.mp4, -1, -1, 3.371
3501.mp4, -1, -1, 3.371
3502.mp4, -1, -1, 3.371
3503.mp4, -1, -1, 3.371
3504.mp4, -1, -1, 3.371
3505.mp4, -1, -1, 3.371
3506.mp4, -1, -1, 3.371
3507.mp4, -1, -1, 3.371
3508.mp4, -1, -1, 3.371
3509.mp4, -1, -1, 3.374
3510.mp4, -1, -1, 3.374
3511.mp4, -1, -1, 3.374
3512.mp4, -1, -1, 3.374
3513.mp4, -1, -1, 3.374
3515.mp4, -1, -1, 3.374
3516.mp4, -1, -1, 3.374
3517.mp4, -1, -1, 3.376
3518.mp4, -1, -1, 3.376
3520.mp4, -1, -1, 3.376
3521.mp4, -1, -1, 3.376
3523.mp4, -1, -1, 3.376
3524.mp4, -1, -1, 3.376
3525.mp4, -1, -1, 3.376
3526.mp4, -1, -1, 3.376
3527.mp4, -1, -1, 3.376
3528.mp4, -1, -1, 3.376
3529.mp4, -1, -1, 3.376
3531.mp4, -1, -1, 3.376
3532.mp4, -1, -1, 3.376
3533.mp4, -1, -1, 3.376
3534.mp4, -1, -1, 3.376
3535.mp4, -1, -1, 3.376
3536.mp4, -1, -1, 3.376
3538.mp4, -1, -1, 3.376
3539.mp4, -1, -1, 3.376
3540.mp4, -1, -1, 3.376
3541.mp4, -1, -1, 3.376
3543.mp4, -1, -1, 3.376
3544.mp4, -1, -1, 3.376
3545.mp4, -1, -1, 3.376
3546.mp4, -1, -1, 3.376
3547.mp4, -1, -1, 3.376
3548.mp4, -1, -1, 3.376
3549.mp4, -1, -1, 3.376
3550.mp4, -1, -1, 3.376
3551.mp4, -1, -1, 3.376
3552.mp4, -1, -1, 3.376
3553.mp4, -1, -1, 3.376
3554.mp4, -1, -1, 3.376
3557.mp4, -1, -1, 3.376
3559.mp4, -1, -1, 3.376
3560.mp4, -1, -1, 3.376
3561.mp4, -1, -1, 3.383
3562.mp4, -1, -1, 3.383
3563.mp4, -1, -1, 3.383
3564.mp4, -1, -1, 3.383
3565.mp4, -1, -1, 3.383
3566.mp4, -1, -1, 3.383
3567.mp4, -1, -1, 3.383
3568.mp4, -1, -1, 3.383
3569.mp4, -1, -1, 3.383
3571.mp4, -1, -1, 3.390
3572.mp4, -1, -1, 3.390
3573.mp4, -1, -1, 3.390
3574.mp4, -1, -1, 3.390
3575.mp4, -1, -1, 3.390
3576.mp4, -1, -1, 3.401
3577.mp4, -1, -1, 3.401
3578.mp4, -1, -1, 3.401
3584.mp4, -1, -1, 3.401
3585.mp4, -1, -1, 3.403
3586.mp4, -1, -1, 3.403
3587.mp4, -1, -1, 3.403
3588.mp4, -1, -1, 3.403
3589.mp4, -1, -1, 3.403
3590.mp4, -1, -1, 3.403
3591.mp4, -1, -1, 3.403
3592.mp4, -1, -1, 3.403
3596.mp4, -1, -1, 3.403
3597.mp4, -1, -1, 3.403
3598.mp4, -1, -1, 3.403
3599.mp4, -1, -1, 3.403
3600.mp4, -1, -1, 3.403
3601.mp4, -1, -1, 3.403
3602.mp4, -1, -1, 3.403
3603.mp4, -1, -1, 3.403
3604.mp4, -1, -1, 3.403
3605.mp4, -1, -1, 3.403
3606.mp4, -1, -1, 3.403
3607.mp4, -1, -1, 3.403
3609.mp4, -1, -1, 3.403
3611.mp4, -1, -1, 3.403
3612.mp4, -1, -1, 3.411
3613.mp4, -1, -1, 3.411
3615.mp4, -1, -1, 3.411
3616.mp4, -1, -1, 3.411
3617.mp4, -1, -1, 3.411
3618.mp4, -1, -1, 3.411
3619.mp4, -1, -1, 3.411
3621.mp4, -1, -1, 3.411
3622.mp4, -1, -1, 3.411
3623.mp4, -1, -1, 3.411
3624.mp4, -1, -1, 3.411
3626.mp4, -1, -1, 3.411
3627.mp4, -1, -1, 3.411
3628.mp4, -1, -1, 3.411
3629.mp4, -1, -1, 3.411
3630.mp4, -1, -1, 3.411
3631.mp4, -1, -1, 3.411
3632.mp4, -1, -1, 3.411
3633.mp4, -1, -1, 3.411
3634.mp4, -1, -1, 3.411
3635.mp4, -1, -1, 3.411
3637.mp4, -1, -1, 3.411
3639.mp4, -1, -1, 3.411
3640.mp4, -1, -1, 3.411
3641.mp4, -1, -1, 3.411
3643.mp4, -1, -1, 3.411
3644.mp4, -1, -1, 3.411
3645.mp4, -1, -1, 3.411
3646.mp4, -1, -1, 3.411
3647.mp4, -1, -1, 3.411
3648.mp4, -1, -1, 3.411
3649.mp4, -1, -1, 3.411
3651.mp4, -1, -1, 3.411
3652.mp4, -1, -1, 3.411
3653.mp4, -1, -1, 3.411
3654.mp4, -1, -1, 3.411
3657.mp4, -1, -1, 3.411
3659.mp4, -1, -1, 3.411
3660.mp4, -1, -1, 3.411
3661.mp4, -1, -1, 3.416
3662.mp4, -1, -1, 3.416
3663.mp4, -1, -1, 3.416
3665.mp4, -1, -1, 3.416
3666.mp4, -1, -1, 3.416
3667.mp4, -1, -1, 3.416
3668.mp4, -1, -1, 3.416
3669.mp4, -1, -1, 3.416
3670.mp4, -1, -1, 3.416
3671.mp4, -1, -1, 3.416
3672.mp4, -1, -1, 3.416
3673.mp4, -1, -1, 3.416
3674.mp4, -1, -1, 3.416
3675.mp4, -1, -1, 3.416
3677.mp4, -1, -1, 3.416
3678.mp4, -1, -1, 3.416
3679.mp4, -1, -1, 3.428
3681.mp4, -1, -1, 3.428
3682.mp4, -1, -1, 3.428
3683.mp4, -1, -1, 3.428
3684.mp4, -1, -1, 3.428
3685.mp4, -1, -1, 3.428
3687.mp4, -1, -1, 3.428
3688.mp4, -1, -1, 3.435
3689.mp4, -1, -1, 3.435
3690.mp4, -1, -1, 3.435
3691.mp4, -1, -1, 3.435
3692.mp4, -1, -1, 3.435
3693.mp4, -1, -1, 3.435
3694.mp4, -1, -1, 3.435
3697.mp4, -1, -1, 3.435
3698.mp4, -1, -1, 3.435
3699.mp4, -1, -1, 3.435
3700.mp4, -1, -1, 3.435
3702.mp4, -1, -1, 3.435
3703.mp4, -1, -1, 3.435
3705.mp4, -1, -1, 3.435
3706.mp4, -1, -1, 3.435
3707.mp4, -1, -1, 3.435
3709.mp4, -1, -1, 3.443
3711.mp4, -1, -1, 3.447
3713.mp4, -1, -1, 3.447
3714.mp4, -1, -1, 3.447
3715.mp4, -1, -1, 3.447
3716.mp4, -1, -1, 3.447
3719.mp4, -1, -1, 3.447
3723.mp4, -1, -1, 3.447
3724.mp4, -1, -1, 3.447
3725.mp4, -1, -1, 3.447
3726.mp4, -1, -1, 3.447
3727.mp4, -1, -1, 3.447
3730.mp4, -1, -1, 3.447
3731.mp4, -1, -1, 3.447
3733.mp4, -1, -1, 3.447
3734.mp4, -1, -1, 3.447
3735.mp4, -1, -1, 3.447
3736.mp4, -1, -1, 3.447
3737.mp4, -1, -1, 3.447
3739.mp4, -1, -1, 3.447
3741.mp4, -1, -1, 3.447
3743.mp4, -1, -1, 3.447
3744.mp4, -1, -1, 3.447
3745.mp4, -1, -1, 3.447
3746.mp4, -1, -1, 3.447
3747.mp4, -1, -1, 3.447
3748.mp4, -1, -1, 3.447
3749.mp4, -1, -1, 3.447
3750.mp4, -1, -1, 3.447
3751.mp4, -1, -1, 3.447
3752.mp4, -1, -1, 3.450
3753.mp4, -1, -1, 3.450
3754.mp4, -1, -1, 3.450
3755.mp4, -1, -1, 3.450
3756.mp4, -1, -1, 3.450
3757.mp4, -1, -1, 3.450
3758.mp4, -1, -1, 3.450
3760.mp4, -1, -1, 3.450
3763.mp4, -1, -1, 3.455
3766.mp4, -1, -1, 3.455
3768.mp4, -1, -1, 3.467
3769.mp4, -1, -1, 3.467
3770.mp4, -1, -1, 3.467
3773.mp4, -1, -1, 3.467
3774.mp4, -1, -1, 3.467
3775.mp4, -1, -1, 3.467
3776.mp4, -1, -1, 3.467
3777.mp4, -1, -1, 3.467
3778.mp4, -1, -1, 3.467
3779.mp4, -1, -1, 3.467
3780.mp4, -1, -1, 3.467
3782.mp4, -1, -1, 3.467
3784.mp4, -1, -1, 3.467
3786.mp4, -1, -1, 3.470
3787.mp4, -1, -1, 3.470
3788.mp4, -1, -1, 3.470
3789.mp4, -1, -1, 3.483
3791.mp4, -1, -1, 3.483
3793.mp4, -1, -1, 3.483
3794.mp4, -1, -1, 3.483
3796.mp4, -1, -1, 3.483
3798.mp4, -1, -1, 3.483
3800.mp4, -1, -1, 3.483
3801.mp4, -1, -1, 3.483
3802.mp4, -1, -1, 3.483
3803.mp4, -1, -1, 3.483
3804.mp4, -1, -1, 3.483
3805.mp4, -1, -1, 3.483
3806.mp4, -1, -1, 3.483
3807.mp4, -1, -1, 3.483
3808.mp4, -1, -1, 3.483
3809.mp4, -1, -1, 3.483
3810.mp4, -1, -1, 3.483
3811.mp4, -1, -1, 3.483
3812.mp4, -1, -1, 3.483
3813.mp4, -1, -1, 3.483
3816.mp4, -1, -1, 3.483
3817.mp4, -1, -1, 3.483
3819.mp4, -1, -1, 3.483
3820.mp4, -1, -1, 3.483
3822.mp4, -1, -1, 3.483
3823.mp4, -1, -1, 3.483
3824.mp4, -1, -1, 3.483
3825.mp4, -1, -1, 3.483
3827.mp4, -1, -1, 3.483
3828.mp4, -1, -1, 3.483
3830.mp4, -1, -1, 3.483
3831.mp4, -1, -1, 3.483
3832.mp4, -1, -1, 3.483
3833.mp4, -1, -1, 3.483
3834.mp4, -1, -1, 3.483
3835.mp4, -1, -1, 3.483
3837.mp4, -1, -1, 3.483
3840.mp4, -1, -1, 3.483
3841.mp4, -1, -1, 3.483
3842.mp4, -1, -1, 3.483
3843.mp4, -1, -1, 3.483
3844.mp4, -1, -1, 3.483
3846.mp4, -1, -1, 3.483
3847.mp4, -1, -1, 3.483
3848.mp4, -1, -1, 3.483
3849.mp4, -1, -1, 3.483
3850.mp4, -1, -1, 3.483
3851.mp4, -1, -1, 3.483
3852.mp4, -1, -1, 3.483
3853.mp4, -1, -1, 3.483
3854.mp4, -1, -1, 3.496
3855.mp4, -1, -1, 3.496
3856.mp4, -1, -1, 3.496
3857.mp4, -1, -1, 3.496
3858.mp4, -1, -1, 3.496
3859.mp4, -1, -1, 3.499
3861.mp4, -1, -1, 3.499
3862.mp4, -1, -1, 3.499
3863.mp4, -1, -1, 3.499
3864.mp4, -1, -1, 3.499
3865.mp4, -1, -1, 3.499
3867.mp4, -1, -1, 3.499
3868.mp4, -1, -1, 3.510
3869.mp4, -1, -1, 3.510
3870.mp4, -1, -1, 3.510
3872.mp4, -1, -1, 3.510
3873.mp4, -1, -1, 3.510
3874.mp4, -1, -1, 3.510
3875.mp4, -1, -1, 3.516
3876.mp4, -1, -1, 3.516
3877.mp4, -1, -1, 3.516
3879.mp4, -1, -1, 3.516
3881.mp4, -1, -1, 3.519
3882.mp4, -1, -1, 3.519
3887.mp4, -1, -1, 3.519
3889.mp4, -1, -1, 3.519
3890.mp4, -1, -1, 3.519
3891.mp4, -1, -1, 3.519
3892.mp4, -1, -1, 3.519
3893.mp4, -1, -1, 3.519
3894.mp4, -1, -1, 3.519
3896.mp4, -1, -1, 3.519
3897.mp4, -1, -1, 3.519
3898.mp4, -1, -1, 3.519
3899.mp4, -1, -1, 3.519
3900.mp4, -1, -1, 3.519
3901.mp4, -1, -1, 3.519
3902.mp4, -1, -1, 3.519
3903.mp4, -1, -1, 3.519
3905.mp4, -1, -1, 3.519
3906.mp4, -1, -1, 3.519
3907.mp4, -1, -1, 3.519
3910.mp4, -1, -1, 3.519
3911.mp4, -1, -1, 3.519
3912.mp4, -1, -1, 3.519
3913.mp4, -1, -1, 3.519
3914.mp4, -1, -1, 3.519
3915.mp4, -1, -1, 3.519
3916.mp4, -1, -1, 3.523
3917.mp4, -1, -1, 3.523
3919.mp4, -1, -1, 3.531
3920.mp4, -1, -1, 3.531
3921.mp4, -1, -1, 3.531
3922.mp4, -1, -1, 3.531
3923.mp4, -1, -1, 3.531
3924.mp4, -1, -1, 3.531
3926.mp4, -1, -1, 3.531
3927.mp4, -1, -1, 3.531
3929.mp4, -1, -1, 3.531
3931.mp4, -1, -1, 3.531
3932.mp4, -1, -1, 3.537
3933.mp4, -1, -1, 3.537
3934.mp4, -1, -1, 3.537
3935.mp4, -1, -1, 3.537
3936.mp4, -1, -1, 3.537
3937.mp4, -1, -1, 3.549
3938.mp4, -1, -1, 3.549
3939.mp4, -1, -1, 3.549
3940.mp4, -1, -1, 3.549
3941.mp4, -1, -1, 3.549
3942.mp4, -1, -1, 3.549
3943.mp4, -1, -1, 3.549
3944.mp4, -1, -1, 3.549
3945.mp4, -1, -1, 3.549
3946.mp4, -1, -1, 3.549
3947.mp4, -1, -1, 3.549
3949.mp4, -1, -1, 3.549
3950.mp4, -1, -1, 3.549
3953.mp4, -1, -1, 3.554
3955.mp4, -1, -1, 3.554
3956.mp4, -1, -1, 3.554
3958.mp4, -1, -1, 3.554
3960.mp4, -1, -1, 3.554
3961.mp4, -1, -1, 3.554
3962.mp4, -1, -1, 3.554
3964.mp4, -1, -1, 3.554
3965.mp4, -1, -1, 3.554
3966.mp4, -1, -1, 3.554
3968.mp4, -1, -1, 3.554
3969.mp4, -1, -1, 3.554
3970.mp4, -1, -1, 3.554
3972.mp4, -1, -1, 3.554
3973.mp4, -1, -1, 3.554
3974.mp4, -1, -1, 3.554
3975.mp4, -1, -1, 3.554
3976.mp4, -1, -1, 3.554
3978.mp4, -1, -1, 3.554
3979.mp4, -1, -1, 3.554
3980.mp4, -1, -1, 3.554
3981.mp4, -1, -1, 3.554
3982.mp4, -1, -1, 3.554
3983.mp4, -1, -1, 3.554
3984.mp4, -1, -1, 3.554
3985.mp4, -1, -1, 3.554
3986.mp4, -1, -1, 3.554
3987.mp4, -1, -1, 3.554
3988.mp4, -1, -1, 3.554
3989.mp4, -1, -1, 3.563
3990.mp4, -1, -1, 3.563
3993.mp4, -1, -1, 3.563
3994.mp4, -1, -1, 3.563
3996.mp4, -1, -1, 3.563
3997.mp4, -1, -1, 3.563
3998.mp4, -1, -1, 3.565
3999.mp4, -1, -1, 3.565
4000.mp4, -1, -1, 3.565
4001.mp4, -1, -1, 3.565
4002.mp4, -1, -1, 3.565
4003.mp4, -1, -1, 3.565
4004.mp4, -1, -1, 3.565
4005.mp4, -1, -1, 3.565
4006.mp4, -1, -1, 3.565
4007.mp4, -1, -1, 3.576
4008.mp4, -1, -1, 3.576
4010.mp4, -1, -1, 3.576
4011.mp4, -1, -1, 3.576
4012.mp4, -1, -1, 3.582
4013.mp4, -1, -1, 3.582
4014.mp4, -1, -1, 3.582
4015.mp4, -1, -1, 3.582
4016.mp4, -1, -1, 3.582
4017.mp4, -1, -1, 3.582
4019.mp4, -1, -1, 3.590
4021.mp4, -1, -1, 3.590
4023.mp4, -1, -1, 3.590
4024.mp4, -1, -1, 3.590
4025.mp4, -1, -1, 3.590
4027.mp4, -1, -1, 3.590
4028.mp4, -1, -1, 3.590
4029.mp4, -1, -1, 3.590
4030.mp4, -1, -1, 3.590
4032.mp4, -1, -1, 3.590
4033.mp4, -1, -1, 3.590
4034.mp4, -1, -1, 3.590
4036.mp4, -1, -1, 3.590
4038.mp4, -1, -1, 3.590
4039.mp4, -1, -1, 3.590
4040.mp4, -1, -1, 3.590
4041.mp4, -1, -1, 3.590
4042.mp4, -1, -1, 3.590
4043.mp4, -1, -1, 3.590
4044.mp4, -1, -1, 3.590
4045.mp4, -1, -1, 3.590
4046.mp4, -1, -1, 3.590
4047.mp4, -1, -1, 3.590
4048.mp4, -1, -1, 3.590
4049.mp4, -1, -1, 3.590
4050.mp4, -1, -1, 3.592
4051.mp4, -1, -1, 3.592
4052.mp4, -1, -1, 3.592
4053.mp4, -1, -1, 3.592
4055.mp4, -1, -1, 3.595
4056.mp4, -1, -1, 3.595
4058.mp4, -1, -1, 3.595
4059.mp4, -1, -1, 3.595
4060.mp4, -1, -1, 3.595
4061.mp4, -1, -1, 3.595
4062.mp4, -1, -1, 3.595
4065.mp4, -1, -1, 3.595
4066.mp4, -1, -1, 3.595
4067.mp4, -1, -1, 3.602
4068.mp4, -1, -1, 3.602
4070.mp4, -1, -1, 3.602
4071.mp4, -1, -1, 3.616
4074.mp4, -1, -1, 3.616
4075.mp4, -1, -1, 3.616
4076.mp4, -1, -1, 3.616
4077.mp4, -1, -1, 3.616
4079.mp4, -1, -1, 3.626
4080.mp4, -1, -1, 3.626
4081.mp4, -1, -1, 3.626
4082.mp4, -1, -1, 3.626
4083.mp4, -1, -1, 3.626
4085.mp4, -1, -1, 3.626
4086.mp4, -1, -1, 3.626
4088.mp4, -1, -1, 3.626
4089.mp4, -1, -1, 3.626
4090.mp4, -1, -1, 3.626
4092.mp4, -1, -1, 3.626
4093.mp4, -1, -1, 3.626
4094.mp4, -1, -1, 3.626
4095.mp4, -1, -1, 3.626
4096.mp4, -1, -1, 3.626
4097.mp4, -1, -1, 3.626
4099.mp4, -1, -1, 3.626
4100.mp4, -1, -1, 3.626
4101.mp4, -1, -1, 3.626
4102.mp4, -1, -1, 3.626
4104.mp4, -1, -1, 3.626
4106.mp4, -1, -1, 3.626
4107.mp4, -1, -1, 3.626
4108.mp4, -1, -1, 3.626
4109.mp4, -1, -1, 3.626
4110.mp4, -1, -1, 3.626
4111.mp4, -1, -1, 3.627
4112.mp4, -1, -1, 3.627
4113.mp4, -1, -1, 3.627
4114.mp4, -1, -1, 3.627
4116.mp4, -1, -1, 3.627
4117.mp4, -1, -1, 3.627
4118.mp4, -1, -1, 3.627
4119.mp4, -1, -1, 3.627
4121.mp4, -1, -1, 3.627
4122.mp4, -1, -1, 3.627
4124.mp4, -1, -1, 3.627
4126.mp4, -1, -1, 3.629
4127.mp4, -1, -1, 3.629
4128.mp4, -1, -1, 3.629
4129.mp4, -1, -1, 3.629
4130.mp4, -1, -1, 3.647
4134.mp4, -1, -1, 3.649
4135.mp4, -1, -1, 3.649
4136.mp4, -1, -1, 3.649
4137.mp4, -1, -1, 3.655
4138.mp4, -1, -1, 3.655
4139.mp4, -1, -1, 3.655
4140.mp4, -1, -1, 3.659
4141.mp4, -1, -1, 3.659
4143.mp4, -1, -1, 3.659
4144.mp4, -1, -1, 3.659
4145.mp4, -1, -1, 3.659
4146.mp4, -1, -1, 3.659
4147.mp4, -1, -1, 3.659
4150.mp4, -1, -1, 3.659
4153.mp4, -1, -1, 3.661
4155.mp4, -1, -1, 3.661
4157.mp4, -1, -1, 3.661
4158.mp4, -1, -1, 3.661
4159.mp4, -1, -1, 3.661
4160.mp4, -1, -1, 3.661
4161.mp4, -1, -1, 3.661
4162.mp4, -1, -1, 3.661
4163.mp4, -1, -1, 3.661
4164.mp4, -1, -1, 3.661
4165.mp4, -1, -1, 3.661
4166.mp4, -1, -1, 3.661
4167.mp4, -1, -1, 3.661
4168.mp4, -1, -1, 3.661
4169.mp4, -1, -1, 3.661
4170.mp4, -1, -1, 3.661
4171.mp4, -1, -1, 3.661
4172.mp4, -1, -1, 3.661
4173.mp4, -1, -1, 3.661
4174.mp4, -1, -1, 3.661
4175.mp4, -1, -1, 3.661
4176.mp4, -1, -1, 3.661
4177.mp4, -1, -1, 3.661
4178.mp4, -1, -1, 3.661
4179.mp4, -1, -1, 3.661
4180.mp4, -1, -1, 3.661
4181.mp4, -1, -1, 3.674
4182.mp4, -1, -1, 3.674
4184.mp4, -1, -1, 3.682
4185.mp4, -1, -1, 3.682
4186.mp4, -1, -1, 3.682
4188.mp4, -1, -1, 3.682
4189.mp4, -1, -1, 3.682
4190.mp4, -1, -1, 3.682
4191.mp4, -1, -1, 3.691
4192.mp4, -1, -1, 3.691
4193.mp4, -1, -1, 3.691
4194.mp4, -1, -1, 3.691
4195.mp4, -1, -1, 3.691
4196.mp4, -1, -1, 3.691
4197.mp4, -1, -1, 3.691
4198.mp4, -1, -1, 3.697
4199.mp4, -1, -1, 3.697
4200.mp4, -1, -1, 3.697
4201.mp4, -1, -1, 3.697
4202.mp4, -1, -1, 3.697
4203.mp4, -1, -1, 3.697
4204.mp4, -1, -1, 3.697
4205.mp4, -1, -1, 3.697
4206.mp4, -1, -1, 3.697
4207.mp4, -1, -1, 3.697
4208.mp4, -1, -1, 3.697
4209.mp4, -1, -1, 3.697
4210.mp4, -1, -1, 3.697
4211.mp4, -1, -1, 3.697
4212.mp4, -1, -1, 3.697
4213.mp4, -1, -1, 3.697
4214.mp4, -1, -1, 3.697
4215.mp4, -1, -1, 3.697
4216.mp4, -1, -1, 3.697
4217.mp4, -1, -1, 3.697
4219.mp4, -1, -1, 3.701
4220.mp4, -1, -1, 3.701
4221.mp4, -1, -1, 3.708
4223.mp4, -1, -1, 3.715
4225.mp4, -1, -1, 3.715
4226.mp4, -1, -1, 3.715
4227.mp4, -1, -1, 3.715
4229.mp4, -1, -1, 3.723
4232.mp4, -1, -1, 3.723
4233.mp4, -1, -1, 3.723
4235.mp4, -1, -1, 3.723
4236.mp4, -1, -1, 3.729
4238.mp4, -1, -1, 3.733
4239.mp4, -1, -1, 3.733
4240.mp4, -1, -1, 3.733
4241.mp4, -1, -1, 3.733
4242.mp4, -1, -1, 3.733
4246.mp4, -1, -1, 3.733
4247.mp4, -1, -1, 3.733
4248.mp4, -1, -1, 3.733
4249.mp4, -1, -1, 3.733
4250.mp4, -1, -1, 3.733
4251.mp4, -1, -1, 3.733
4252.mp4, -1, -1, 3.733
4253.mp4, -1, -1, 3.733
4255.mp4, -1, -1, 3.733
4256.mp4, -1, -1, 3.733
4257.mp4, -1, -1, 3.733
4258.mp4, -1, -1, 3.733
4259.mp4, -1, -1, 3.733
4260.mp4, -1, -1, 3.733
4261.mp4, -1, -1, 3.733
4262.mp4, -1, -1, 3.733
4263.mp4, -1, -1, 3.733
4264.mp4, -1, -1, 3.733
4266.mp4, -1, -1, 3.733
4267.mp4, -1, -1, 3.733
4268.mp4, -1, -1, 3.733
4270.mp4, -1, -1, 3.748
4271.mp4, -1, -1, 3.748
4272.mp4, -1, -1, 3.748
4273.mp4, -1, -1, 3.748
4275.mp4, -1, -1, 3.748
4276.mp4, -1, -1, 3.755
4277.mp4, -1, -1, 3.755
4278.mp4, -1, -1, 3.755
4279.mp4, -1, -1, 3.755
4280.mp4, -1, -1, 3.755
4282.mp4, -1, -1, 3.755
4283.mp4, -1, -1, 3.755
4285.mp4, -1, -1, 3.755
4286.mp4, -1, -1, 3.756
4287.mp4, -1, -1, 3.756
4289.mp4, -1, -1, 3.762
4291.mp4, -1, -1, 3.769
4292.mp4, -1, -1, 3.769
4293.mp4, -1, -1, 3.769
4295.mp4, -1, -1, 3.769
4296.mp4, -1, -1, 3.769
4297.mp4, -1, -1, 3.769
4298.mp4, -1, -1, 3.769
4299.mp4, -1, -1, 3.769
4300.mp4, -1, -1, 3.769
4301.mp4, -1, -1, 3.769
4302.mp4, -1, -1, 3.769
4304.mp4, -1, -1, 3.769
4305.mp4, -1, -1, 3.769
4306.mp4, -1, -1, 3.769
4307.mp4, -1, -1, 3.783
4308.mp4, -1, -1, 3.787
4309.mp4, -1, -1, 3.787
4310.mp4, -1, -1, 3.787
4313.mp4, -1, -1, 3.787
4317.mp4, -1, -1, 3.788
4319.mp4, -1, -1, 3.804
4320.mp4, -1, -1, 3.804
4321.mp4, -1, -1, 3.804
4322.mp4, -1, -1, 3.804
4323.mp4, -1, -1, 3.804
4324.mp4, -1, -1, 3.804
4325.mp4, -1, -1, 3.804
4326.mp4, -1, -1, 3.804
4327.mp4, -1, -1, 3.804
4328.mp4, -1, -1, 3.804
4329.mp4, -1, -1, 3.804
4330.mp4, -1, -1, 3.804
4331.mp4, -1, -1, 3.815
4332.mp4, -1, -1, 3.815
4334.mp4, -1, -1, 3.815
4335.mp4, -1, -1, 3.815
4336.mp4, -1, -1, 3.815
4337.mp4, -1, -1, 3.815
4339.mp4, -1, -1, 3.819
4340.mp4, -1, -1, 3.819
4341.mp4, -1, -1, 3.819
4342.mp4, -1, -1, 3.819
4344.mp4, -1, -1, 3.819
4345.mp4, -1, -1, 3.819
4346.mp4, -1, -1, 3.838
4347.mp4, -1, -1, 3.838
4348.mp4, -1, -1, 3.838
4349.mp4, -1, -1, 3.840
4350.mp4, -1, -1, 3.840
4351.mp4, -1, -1, 3.840
4352.mp4, -1, -1, 3.840
4354.mp4, -1, -1, 3.840
4355.mp4, -1, -1, 3.840
4357.mp4, -1, -1, 3.840
4358.mp4, -1, -1, 3.841
4359.mp4, -1, -1, 3.848
4360.mp4, -1, -1, 3.851
4363.mp4, -1, -1, 3.865
4365.mp4, -1, -1, 3.865
4366.mp4, -1, -1, 3.868
4367.mp4, -1, -1, 3.876
4368.mp4, -1, -1, 3.876
4369.mp4, -1, -1, 3.876
4371.mp4, -1, -1, 3.876
4372.mp4, -1, -1, 3.876
4373.mp4, -1, -1, 3.876
4374.mp4, -1, -1, 3.876
4375.mp4, -1, -1, 3.876
4376.mp4, -1, -1, 3.876
4378.mp4, -1, -1, 3.876
4379.mp4, -1, -1, 3.876
4381.mp4, -1, -1, 3.876
4383.mp4, -1, -1, 3.881
4384.mp4, -1, -1, 3.881
4385.mp4, -1, -1, 3.883
4387.mp4, -1, -1, 3.883
4390.mp4, -1, -1, 3.883
4392.mp4, -1, -1, 3.912
4394.mp4, -1, -1, 3.912
4395.mp4, -1, -1, 3.912
4396.mp4, -1, -1, 3.912
4397.mp4, -1, -1, 3.912
4398.mp4, -1, -1, 3.912
4399.mp4, -1, -1, 3.912
4400.mp4, -1, -1, 3.912
4401.mp4, -1, -1, 3.914
4402.mp4, -1, -1, 3.915
4403.mp4, -1, -1, 3.915
4404.mp4, -1, -1, 3.915
4405.mp4, -1, -1, 3.915
4406.mp4, -1, -1, 3.920
4407.mp4, -1, -1, 3.920
4408.mp4, -1, -1, 3.921
4409.mp4, -1, -1, 3.947
4410.mp4, -1, -1, 3.947
4411.mp4, -1, -1, 3.947
4415.mp4, -1, -1, 3.947
4416.mp4, -1, -1, 3.947
4417.mp4, -1, -1, 3.947
4419.mp4, -1, -1, 3.947
4422.mp4, -1, -1, 3.947
4424.mp4, -1, -1, 3.947
4425.mp4, -1, -1, 3.947
4428.mp4, -1, -1, 3.947
4429.mp4, -1, -1, 3.974
4430.mp4, -1, -1, 3.974
4431.mp4, -1, -1, 3.979
4432.mp4, -1, -1, 3.979
4434.mp4, -1, -1, 3.979
4435.mp4, -1, -1, 3.979
4436.mp4, -1, -1, 3.980
4440.mp4, -1, -1, 3.983
4441.mp4, -1, -1, 3.983
4442.mp4, -1, -1, 3.983
4443.mp4, -1, -1, 3.983
4444.mp4, -1, -1, 4.000
4445.mp4, -1, -1, 4.000
4446.mp4, -1, -1, 4.011
4447.mp4, -1, -1, 4.011
4449.mp4, -1, -1, 4.014
4450.mp4, -1, -1, 4.019
4451.mp4, -1, -1, 4.019
4452.mp4, -1, -1, 4.019
4453.mp4, -1, -1, 4.019
4456.mp4, -1, -1, 4.019
4457.mp4, -1, -1, 4.019
4458.mp4, -1, -1, 4.027
4459.mp4, -1, -1, 4.027
4460.mp4, -1, -1, 4.029
4464.mp4, -1, -1, 4.053
4465.mp4, -1, -1, 4.053
4466.mp4, -1, -1, 4.055
4467.mp4, -1, -1, 4.055
4468.mp4, -1, -1, 4.055
4471.mp4, -1, -1, 4.055
4472.mp4, -1, -1, 4.055
4473.mp4, -1, -1, 4.055
4475.mp4, -1, -1, 4.055
4476.mp4, -1, -1, 4.075
4478.mp4, -1, -1, 4.075
4479.mp4, -1, -1, 4.080
4480.mp4, -1, -1, 4.080
4481.mp4, -1, -1, 4.080
4483.mp4, -1, -1, 4.090
4485.mp4, -1, -1, 4.090
4486.mp4, -1, -1, 4.090
4487.mp4, -1, -1, 4.090
4488.mp4, -1, -1, 4.090
4489.mp4, -1, -1, 4.090
4490.mp4, -1, -1, 4.090
4491.mp4, -1, -1, 4.126
4492.mp4, -1, -1, 4.126
4493.mp4, -1, -1, 4.126
4494.mp4, -1, -1, 4.126
4495.mp4, -1, -1, 4.126
4496.mp4, -1, -1, 4.133
4498.mp4, -1, -1, 4.140
4499.mp4, -1, -1, 4.160
4500.mp4, -1, -1, 4.160
4501.mp4, -1, -1, 4.162
4502.mp4, -1, -1, 4.162
4503.mp4, -1, -1, 4.172
4505.mp4, -1, -1, 4.197
4506.mp4, -1, -1, 4.197
4507.mp4, -1, -1, 4.197
4508.mp4, -1, -1, 4.197
4509.mp4, -1, -1, 4.197
4510.mp4, -1, -1, 4.197
4511.mp4, -1, -1, 4.197
4512.mp4, -1, -1, 4.213
4513.mp4, -1, -1, 4.213
4514.mp4, -1, -1, 4.213
4515.mp4, -1, -1, 4.233
4516.mp4, -1, -1, 4.233
4518.mp4, -1, -1, 4.266
4519.mp4, -1, -1, 4.268
4520.mp4, -1, -1, 4.269
4522.mp4, -1, -1, 4.269
4525.mp4, -1, -1, 4.292
4528.mp4, -1, -1, 4.305
4529.mp4, -1, -1, 4.319
4530.mp4, -1, -1, 4.332
4531.mp4, -1, -1, 4.332
4532.mp4, -1, -1, 4.332
4533.mp4, -1, -1, 4.340
4534.mp4, -1, -1, 4.340
4537.mp4, -1, -1, 4.376
4539.mp4, -1, -1, 4.399
4540.mp4, -1, -1, 4.478
4542.mp4, -1, -1, 4.637
