A0023_01.mp4, -1, -1, [43.92150718]
A0023_02.mp4, -1, -1, [20.92524996]
A0023_03.mp4, -1, -1, [50.69644326]
A0023_04.mp4, -1, -1, [43.40106785]
A0023_05.mp4, -1, -1, [34.58647907]
A0023_07.mp4, -1, -1, [50.69946291]
A0023_08.mp4, -1, -1, [54.54454889]
A0066_01.mp4, -1, -1, [35.00164385]
A0066_02.mp4, -1, -1, [34.58155046]
A0066_03.mp4, -1, -1, [41.59274809]
A0066_04.mp4, -1, -1, [43.19825173]
A0066_05.mp4, -1, -1, [49.46887101]
A0066_06.mp4, -1, -1, [56.42199765]
A0066_07.mp4, -1, -1, [62.21411526]
A0066_08.mp4, -1, -1, [68.98906754]
A0017_01.mp4, -1, -1, [31.05078683]
A0017_02.mp4, -1, -1, [27.67321905]
A0017_03.mp4, -1, -1, [36.6830524]
A0017_04.mp4, -1, -1, [37.99568805]
A0017_05.mp4, -1, -1, [30.00503199]
A0017_06.mp4, -1, -1, [38.6687706]
A0017_07.mp4, -1, -1, [56.73795821]
A0017_08.mp4, -1, -1, [52.03282645]
A0076_01.mp4, -1, -1, [30.97342813]
A0076_02.mp4, -1, -1, [35.87768469]
A0076_03.mp4, -1, -1, [42.40669065]
A0076_04.mp4, -1, -1, [37.83446515]
A0076_05.mp4, -1, -1, [34.47191632]
A0076_06.mp4, -1, -1, [48.11283098]
A0076_07.mp4, -1, -1, [35.06361862]
A0076_08.mp4, -1, -1, [42.06488976]
A0071_02.mp4, -1, -1, [27.58752952]
A0071_03.mp4, -1, -1, [43.21717654]
A0071_04.mp4, -1, -1, [21.49330735]
A0071_05.mp4, -1, -1, [21.25937309]
A0071_06.mp4, -1, -1, [34.80285907]
A0071_07.mp4, -1, -1, [36.99581435]
A0071_08.mp4, -1, -1, [40.64906787]
A0077_02.mp4, -1, -1, [38.71065763]
A0077_03.mp4, -1, -1, [41.82643869]
A0077_04.mp4, -1, -1, [35.28562805]
A0077_05.mp4, -1, -1, [29.34631386]
A0077_06.mp4, -1, -1, [32.52312628]
A0077_07.mp4, -1, -1, [40.85101942]
A0077_08.mp4, -1, -1, [47.49994651]
A0037_01.mp4, -1, -1, [59.00620224]
A0037_02.mp4, -1, -1, [28.27895669]
A0037_03.mp4, -1, -1, [62.15709107]
A0037_04.mp4, -1, -1, [64.96929324]
A0037_05.mp4, -1, -1, [54.00278028]
A0037_06.mp4, -1, -1, [57.441067]
A0037_07.mp4, -1, -1, [69.21214043]
A0037_08.mp4, -1, -1, [61.1873407]
A0038_01.mp4, -1, -1, [70.79830299]
A0038_02.mp4, -1, -1, [44.59470332]
A0038_03.mp4, -1, -1, [67.22132149]
A0038_04.mp4, -1, -1, [70.61505689]
A0038_05.mp4, -1, -1, [53.81186174]
A0038_06.mp4, -1, -1, [71.98135658]
A0038_07.mp4, -1, -1, [66.34063655]
A0038_08.mp4, -1, -1, [62.58805721]
A0016_03.mp4, -1, -1, [38.48500248]
A0016_04.mp4, -1, -1, [34.56668422]
A0016_05.mp4, -1, -1, [33.92423787]
A0016_06.mp4, -1, -1, [39.1782606]
A0016_07.mp4, -1, -1, [50.78800037]
A0016_08.mp4, -1, -1, [55.06678046]
A0060_01.mp4, -1, -1, [56.64279216]
A0060_02.mp4, -1, -1, [27.88896996]
A0060_03.mp4, -1, -1, [62.6934351]
A0060_04.mp4, -1, -1, [58.45860927]
A0060_05.mp4, -1, -1, [51.00617454]
A0060_06.mp4, -1, -1, [46.53986701]
A0060_07.mp4, -1, -1, [64.6916275]
A0060_08.mp4, -1, -1, [52.52374581]
A0073_01.mp4, -1, -1, [52.22858802]
A0073_02.mp4, -1, -1, [43.45873815]
A0073_03.mp4, -1, -1, [61.10466745]
A0073_04.mp4, -1, -1, [55.15037045]
A0073_05.mp4, -1, -1, [46.18417317]
A0073_06.mp4, -1, -1, [46.69604512]
A0073_07.mp4, -1, -1, [52.24398943]
A0073_08.mp4, -1, -1, [45.61093406]
A0052_01.mp4, -1, -1, [38.83588919]
A0052_02.mp4, -1, -1, [32.18404972]
A0052_03.mp4, -1, -1, [36.52160017]
A0052_04.mp4, -1, -1, [35.1930993]
A0052_05.mp4, -1, -1, [39.6935671]
A0052_07.mp4, -1, -1, [39.80575413]
A0052_08.mp4, -1, -1, [29.30583828]
A0047_01.mp4, -1, -1, [55.55177579]
A0047_02.mp4, -1, -1, [28.27377985]
A0047_03.mp4, -1, -1, [65.67400595]
A0047_04.mp4, -1, -1, [65.72904391]
A0047_05.mp4, -1, -1, [46.74924559]
A0047_06.mp4, -1, -1, [45.82282576]
A0047_07.mp4, -1, -1, [60.42771163]
A0047_08.mp4, -1, -1, [52.845657]
A0074_01.mp4, -1, -1, [53.67304069]
A0074_02.mp4, -1, -1, [20.63405415]
A0074_03.mp4, -1, -1, [58.16338916]
A0074_04.mp4, -1, -1, [57.46109156]
A0074_05.mp4, -1, -1, [41.35168189]
A0074_06.mp4, -1, -1, [30.04778244]
A0074_07.mp4, -1, -1, [61.51733134]
A0074_08.mp4, -1, -1, [56.99515042]
A0031_01.mp4, -1, -1, [63.51403271]
A0031_02.mp4, -1, -1, [34.08130188]
A0031_03.mp4, -1, -1, [79.82871039]
A0031_04.mp4, -1, -1, [75.75052424]
A0031_05.mp4, -1, -1, [74.43460365]
A0031_06.mp4, -1, -1, [44.82072136]
A0031_07.mp4, -1, -1, [74.92024321]
A0031_08.mp4, -1, -1, [66.92637314]
A0046_02.mp4, -1, -1, [22.44526615]
A0046_03.mp4, -1, -1, [43.53337089]
A0046_04.mp4, -1, -1, [37.84463505]
A0046_06.mp4, -1, -1, [44.37047541]
A0046_07.mp4, -1, -1, [38.23712809]
A0046_08.mp4, -1, -1, [44.84521645]
A0058_01.mp4, -1, -1, [38.0513144]
A0058_02.mp4, -1, -1, [28.19802582]
A0058_03.mp4, -1, -1, [46.3441784]
A0058_04.mp4, -1, -1, [50.01639679]
A0058_05.mp4, -1, -1, [44.20199523]
A0058_06.mp4, -1, -1, [37.95610448]
A0058_07.mp4, -1, -1, [45.3434046]
A0018_01.mp4, -1, -1, [30.71352231]
A0018_02.mp4, -1, -1, [39.71000528]
A0018_03.mp4, -1, -1, [66.03158477]
A0018_04.mp4, -1, -1, [49.49936598]
A0018_05.mp4, -1, -1, [30.83187318]
A0018_06.mp4, -1, -1, [30.55771481]
A0018_07.mp4, -1, -1, [68.69442267]
A0018_08.mp4, -1, -1, [68.7140064]
A0056_01.mp4, -1, -1, [45.59675351]
A0056_02.mp4, -1, -1, [29.34146264]
A0056_03.mp4, -1, -1, [55.65232499]
A0056_04.mp4, -1, -1, [57.70362004]
A0056_05.mp4, -1, -1, [45.44578587]
A0056_06.mp4, -1, -1, [50.11202015]
A0056_07.mp4, -1, -1, [54.95715115]
A0056_08.mp4, -1, -1, [54.69298538]
A0011_01.mp4, -1, -1, [40.03133959]
A0011_03.mp4, -1, -1, [59.96074337]
A0011_04.mp4, -1, -1, [49.62951193]
A0011_05.mp4, -1, -1, [49.56562585]
A0011_06.mp4, -1, -1, [37.30985202]
A0011_07.mp4, -1, -1, [68.2150675]
A0011_08.mp4, -1, -1, [52.49853323]
A0067_01.mp4, -1, -1, [52.85731934]
A0067_02.mp4, -1, -1, [27.43280933]
A0067_03.mp4, -1, -1, [67.55911925]
A0067_04.mp4, -1, -1, [74.04881009]
A0067_05.mp4, -1, -1, [65.90675857]
A0067_06.mp4, -1, -1, [39.69266274]
A0067_07.mp4, -1, -1, [80.16726053]
A0067_08.mp4, -1, -1, [54.04314907]
A0050_01.mp4, -1, -1, [36.79791835]
A0050_02.mp4, -1, -1, [29.92328271]
A0050_03.mp4, -1, -1, [56.42232408]
A0050_04.mp4, -1, -1, [51.71746924]
A0050_05.mp4, -1, -1, [37.24513355]
A0050_06.mp4, -1, -1, [59.13217467]
A0050_07.mp4, -1, -1, [53.11503774]
A0050_08.mp4, -1, -1, [51.00755867]
A0002_01.mp4, -1, -1, [58.38059797]
A0002_03.mp4, -1, -1, [66.87976611]
A0002_04.mp4, -1, -1, [66.54842763]
A0002_05.mp4, -1, -1, [65.43280024]
A0002_06.mp4, -1, -1, [37.88296657]
A0002_07.mp4, -1, -1, [76.12541107]
A0002_08.mp4, -1, -1, [56.7703148]
A0053_01.mp4, -1, -1, [42.19559947]
A0053_02.mp4, -1, -1, [38.21035045]
A0053_03.mp4, -1, -1, [45.7896667]
A0053_04.mp4, -1, -1, [46.05947921]
A0053_05.mp4, -1, -1, [46.99303967]
A0053_06.mp4, -1, -1, [36.20086922]
A0053_07.mp4, -1, -1, [53.16650551]
A0053_08.mp4, -1, -1, [44.98722068]
A0001_02.mp4, -1, -1, [22.27868288]
A0001_03.mp4, -1, -1, [60.83952124]
A0001_04.mp4, -1, -1, [46.45878008]
A0001_05.mp4, -1, -1, [41.45667442]
A0001_06.mp4, -1, -1, [24.92090784]
A0001_07.mp4, -1, -1, [58.04595549]
A0001_08.mp4, -1, -1, [49.93467754]
A0043_01.mp4, -1, -1, [41.1256774]
A0043_02.mp4, -1, -1, [23.7421781]
A0043_03.mp4, -1, -1, [53.26260273]
A0043_04.mp4, -1, -1, [48.07155862]
A0043_05.mp4, -1, -1, [50.89365867]
A0043_06.mp4, -1, -1, [21.92932422]
A0043_07.mp4, -1, -1, [55.32482337]
A0043_08.mp4, -1, -1, [49.72056455]
A0014_03.mp4, -1, -1, [63.06885092]
A0014_04.mp4, -1, -1, [63.5379153]
A0014_05.mp4, -1, -1, [67.03133062]
A0014_06.mp4, -1, -1, [62.75078015]
A0014_07.mp4, -1, -1, [67.86128157]
A0014_08.mp4, -1, -1, [38.23620477]
A0044_01.mp4, -1, -1, [51.01547427]
A0044_02.mp4, -1, -1, [39.22864253]
A0044_03.mp4, -1, -1, [49.73714824]
A0044_04.mp4, -1, -1, [57.1281179]
A0044_05.mp4, -1, -1, [43.15695855]
A0044_06.mp4, -1, -1, [23.58022654]
A0044_07.mp4, -1, -1, [53.53366249]
A0044_08.mp4, -1, -1, [45.78189323]
A0020_02.mp4, -1, -1, [49.36988354]
A0020_03.mp4, -1, -1, [61.93869732]
A0020_04.mp4, -1, -1, [63.75005827]
A0020_05.mp4, -1, -1, [43.23858548]
A0020_06.mp4, -1, -1, [68.701786]
A0020_07.mp4, -1, -1, [69.28491122]
A0020_08.mp4, -1, -1, [74.0962805]
A0040_01.mp4, -1, -1, [47.39756271]
A0040_02.mp4, -1, -1, [27.55853273]
A0040_03.mp4, -1, -1, [66.02522653]
A0040_04.mp4, -1, -1, [62.80485683]
A0040_05.mp4, -1, -1, [53.40064303]
A0040_06.mp4, -1, -1, [52.4525534]
A0040_07.mp4, -1, -1, [60.45968486]
A0040_08.mp4, -1, -1, [58.05380892]
A0051_01.mp4, -1, -1, [50.94031115]
A0051_02.mp4, -1, -1, [35.01910479]
A0051_03.mp4, -1, -1, [46.07671352]
A0051_04.mp4, -1, -1, [48.97958306]
A0051_05.mp4, -1, -1, [40.17980231]
A0051_06.mp4, -1, -1, [48.16479773]
A0051_07.mp4, -1, -1, [53.43417668]
A0051_08.mp4, -1, -1, [51.4067802]
A0039_01.mp4, -1, -1, [66.75357239]
A0039_02.mp4, -1, -1, [29.62250716]
A0039_03.mp4, -1, -1, [67.82231332]
A0039_04.mp4, -1, -1, [66.88559561]
A0039_05.mp4, -1, -1, [68.24959762]
A0039_06.mp4, -1, -1, [60.37920091]
A0039_07.mp4, -1, -1, [65.55935675]
A0039_08.mp4, -1, -1, [69.08118646]
A0035_01.mp4, -1, -1, [58.23117229]
A0035_02.mp4, -1, -1, [26.84268032]
A0035_03.mp4, -1, -1, [67.11887515]
A0035_04.mp4, -1, -1, [68.61101766]
A0035_05.mp4, -1, -1, [47.22666327]
A0035_06.mp4, -1, -1, [41.38801844]
A0035_07.mp4, -1, -1, [64.08371307]
A0035_08.mp4, -1, -1, [70.03476555]
A0010_01.mp4, -1, -1, [74.69942971]
A0010_03.mp4, -1, -1, [68.22019228]
A0010_04.mp4, -1, -1, [73.19974205]
A0010_05.mp4, -1, -1, [55.41003234]
A0010_06.mp4, -1, -1, [62.10842132]
A0010_07.mp4, -1, -1, [61.07059049]
A0010_08.mp4, -1, -1, [58.54308838]
A0072_01.mp4, -1, -1, [41.07598319]
A0072_02.mp4, -1, -1, [22.49596597]
A0072_03.mp4, -1, -1, [51.7287269]
A0072_04.mp4, -1, -1, [42.05097941]
A0072_05.mp4, -1, -1, [33.98234429]
A0072_06.mp4, -1, -1, [26.41390283]
A0072_07.mp4, -1, -1, [48.57439337]
A0072_08.mp4, -1, -1, [47.06786597]
A0055_01.mp4, -1, -1, [30.38363801]
A0055_02.mp4, -1, -1, [29.80521315]
A0055_03.mp4, -1, -1, [42.633269]
A0055_04.mp4, -1, -1, [30.17060936]
A0055_05.mp4, -1, -1, [31.61656078]
A0055_06.mp4, -1, -1, [33.19547565]
A0055_07.mp4, -1, -1, [44.8736056]
A0033_01.mp4, -1, -1, [52.20748409]
A0033_02.mp4, -1, -1, [28.74676297]
A0033_03.mp4, -1, -1, [53.44047445]
A0033_04.mp4, -1, -1, [55.22978276]
A0033_05.mp4, -1, -1, [45.92367887]
A0033_06.mp4, -1, -1, [35.6276351]
A0033_07.mp4, -1, -1, [57.29347598]
A0033_08.mp4, -1, -1, [51.53779071]
A0024_01.mp4, -1, -1, [38.38382488]
A0024_02.mp4, -1, -1, [34.47997735]
A0024_03.mp4, -1, -1, [52.51650311]
A0024_05.mp4, -1, -1, [38.58304096]
A0024_06.mp4, -1, -1, [43.23174629]
A0024_07.mp4, -1, -1, [58.5969536]
A0024_08.mp4, -1, -1, [56.06861324]
A0019_01.mp4, -1, -1, [34.87904436]
A0019_02.mp4, -1, -1, [28.68413579]
A0019_03.mp4, -1, -1, [46.29182651]
A0019_04.mp4, -1, -1, [45.50989123]
A0019_05.mp4, -1, -1, [50.97267667]
A0019_06.mp4, -1, -1, [44.84302254]
A0019_07.mp4, -1, -1, [65.69264718]
A0019_08.mp4, -1, -1, [52.21886787]
A0061_02.mp4, -1, -1, [27.5913453]
A0061_03.mp4, -1, -1, [54.89954517]
A0061_04.mp4, -1, -1, [38.42372458]
A0061_05.mp4, -1, -1, [22.21024276]
A0061_06.mp4, -1, -1, [51.74120021]
A0061_07.mp4, -1, -1, [45.03889439]
A0061_08.mp4, -1, -1, [55.92312417]
A0004_01.mp4, -1, -1, [57.7683648]
A0004_03.mp4, -1, -1, [62.28656102]
A0004_04.mp4, -1, -1, [77.14228222]
A0004_05.mp4, -1, -1, [52.84560305]
A0004_06.mp4, -1, -1, [51.83831863]
A0004_07.mp4, -1, -1, [68.05500141]
A0004_08.mp4, -1, -1, [40.61002271]
A0078_01.mp4, -1, -1, [41.52791802]
A0078_02.mp4, -1, -1, [34.46485704]
A0078_03.mp4, -1, -1, [42.04839058]
A0078_04.mp4, -1, -1, [35.90101484]
A0078_05.mp4, -1, -1, [35.50790817]
A0078_06.mp4, -1, -1, [37.26055265]
A0078_07.mp4, -1, -1, [45.92513892]
A0078_08.mp4, -1, -1, [51.13333383]
A0022_02.mp4, -1, -1, [35.39784536]
A0022_03.mp4, -1, -1, [38.79240518]
A0022_04.mp4, -1, -1, [41.67229559]
A0022_06.mp4, -1, -1, [45.06285503]
A0022_07.mp4, -1, -1, [42.84981797]
A0022_08.mp4, -1, -1, [51.52715268]
A0045_01.mp4, -1, -1, [55.58179377]
A0045_02.mp4, -1, -1, [26.86375959]
A0045_03.mp4, -1, -1, [52.77747567]
A0045_04.mp4, -1, -1, [75.92555709]
A0045_05.mp4, -1, -1, [43.02193802]
A0045_06.mp4, -1, -1, [31.32289996]
A0045_07.mp4, -1, -1, [55.20321442]
A0045_08.mp4, -1, -1, [56.03824724]
A0029_01.mp4, -1, -1, [73.57210811]
A0029_02.mp4, -1, -1, [38.06063115]
A0029_03.mp4, -1, -1, [73.65669314]
A0029_04.mp4, -1, -1, [76.38807531]
A0029_05.mp4, -1, -1, [69.41533859]
A0029_06.mp4, -1, -1, [56.18869554]
A0029_07.mp4, -1, -1, [71.54105249]
A0029_08.mp4, -1, -1, [59.22295589]
A0069_01.mp4, -1, -1, [64.23441144]
A0069_02.mp4, -1, -1, [54.78194836]
A0069_03.mp4, -1, -1, [70.0473614]
A0069_04.mp4, -1, -1, [66.2003025]
A0069_05.mp4, -1, -1, [58.82760527]
A0069_06.mp4, -1, -1, [61.98251869]
A0069_07.mp4, -1, -1, [58.28203768]
A0069_08.mp4, -1, -1, [56.60991503]
A0041_02.mp4, -1, -1, [24.56980485]
A0041_03.mp4, -1, -1, [60.50308812]
A0041_04.mp4, -1, -1, [59.93513899]
A0041_05.mp4, -1, -1, [49.53523542]
A0041_06.mp4, -1, -1, [53.51627725]
A0041_07.mp4, -1, -1, [59.05807633]
A0041_08.mp4, -1, -1, [47.43999698]
A0009_01.mp4, -1, -1, [70.59929165]
A0009_03.mp4, -1, -1, [73.71760275]
A0009_04.mp4, -1, -1, [75.01083957]
A0009_05.mp4, -1, -1, [67.13734195]
A0009_06.mp4, -1, -1, [63.42235588]
A0009_07.mp4, -1, -1, [84.42191606]
A0009_08.mp4, -1, -1, [66.53965935]
A0075_02.mp4, -1, -1, [30.73438989]
A0075_03.mp4, -1, -1, [46.43867496]
A0075_04.mp4, -1, -1, [32.54205628]
A0075_05.mp4, -1, -1, [33.82638523]
A0075_06.mp4, -1, -1, [47.70514107]
A0075_07.mp4, -1, -1, [45.99675069]
A0075_08.mp4, -1, -1, [50.72317507]
A0079_01.mp4, -1, -1, [61.15811399]
A0079_02.mp4, -1, -1, [30.20092652]
A0079_03.mp4, -1, -1, [59.59701417]
A0079_04.mp4, -1, -1, [60.64948466]
A0079_05.mp4, -1, -1, [56.28862134]
A0079_06.mp4, -1, -1, [52.26089633]
A0079_07.mp4, -1, -1, [59.60938226]
A0079_08.mp4, -1, -1, [49.8435902]
A0048_01.mp4, -1, -1, [41.1693202]
A0048_02.mp4, -1, -1, [28.74192445]
A0048_03.mp4, -1, -1, [50.09736746]
A0048_04.mp4, -1, -1, [47.64457143]
A0048_05.mp4, -1, -1, [43.39520438]
A0048_06.mp4, -1, -1, [22.87725835]
A0048_07.mp4, -1, -1, [52.15510455]
A0048_08.mp4, -1, -1, [52.85800803]
A0059_01.mp4, -1, -1, [53.85321309]
A0059_02.mp4, -1, -1, [36.7370351]
A0059_03.mp4, -1, -1, [53.06560817]
A0059_04.mp4, -1, -1, [56.38051498]
A0059_05.mp4, -1, -1, [44.68851173]
A0059_06.mp4, -1, -1, [53.82097895]
A0059_07.mp4, -1, -1, [53.65635983]
A0059_08.mp4, -1, -1, [49.46670758]
A0065_01.mp4, -1, -1, [63.55464618]
A0065_02.mp4, -1, -1, [39.68369515]
A0065_03.mp4, -1, -1, [63.35092643]
A0065_04.mp4, -1, -1, [64.21127322]
A0065_05.mp4, -1, -1, [58.94861568]
A0065_06.mp4, -1, -1, [70.52575372]
A0065_07.mp4, -1, -1, [67.14361776]
A0065_08.mp4, -1, -1, [48.75112056]
A0057_01.mp4, -1, -1, [27.36066481]
A0057_02.mp4, -1, -1, [31.20548892]
A0057_03.mp4, -1, -1, [42.50195167]
A0057_04.mp4, -1, -1, [32.70997093]
A0057_05.mp4, -1, -1, [34.8861878]
A0057_06.mp4, -1, -1, [34.60053743]
A0057_07.mp4, -1, -1, [37.98116874]
A0057_08.mp4, -1, -1, [46.12113215]
A0012_01.mp4, -1, -1, [48.48282604]
A0012_03.mp4, -1, -1, [60.16004023]
A0012_04.mp4, -1, -1, [55.71870085]
A0012_05.mp4, -1, -1, [55.6512666]
A0012_06.mp4, -1, -1, [39.62430675]
A0012_07.mp4, -1, -1, [63.31632504]
A0012_08.mp4, -1, -1, [54.69337238]
B0021_01.mp4, -1, -1, [38.25407656]
B0021_02.mp4, -1, -1, [42.39692175]
B0021_03.mp4, -1, -1, [30.83661474]
B0021_04.mp4, -1, -1, [37.72272066]
B0021_05.mp4, -1, -1, [31.72887045]
B0021_06.mp4, -1, -1, [21.27546727]
B0021_07.mp4, -1, -1, [31.9740109]
B0016_01.mp4, -1, -1, [48.41900247]
B0016_02.mp4, -1, -1, [48.02694785]
B0016_03.mp4, -1, -1, [44.91429861]
B0016_04.mp4, -1, -1, [52.02395065]
B0016_05.mp4, -1, -1, [45.24982869]
B0016_06.mp4, -1, -1, [39.37771307]
B0016_07.mp4, -1, -1, [38.46085892]
B0008_01.mp4, -1, -1, [54.94470864]
B0008_02.mp4, -1, -1, [57.42466057]
B0008_03.mp4, -1, -1, [53.88464078]
B0008_04.mp4, -1, -1, [49.88633025]
B0008_05.mp4, -1, -1, [51.17739128]
B0008_06.mp4, -1, -1, [49.96426804]
B0008_07.mp4, -1, -1, [40.40460857]
B0003_01.mp4, -1, -1, [56.79154758]
B0003_02.mp4, -1, -1, [45.6975514]
B0003_03.mp4, -1, -1, [41.57436916]
B0003_04.mp4, -1, -1, [50.59505399]
B0003_05.mp4, -1, -1, [42.76570474]
B0003_06.mp4, -1, -1, [46.73525749]
B0003_07.mp4, -1, -1, [41.3302681]
B0027_01.mp4, -1, -1, [44.65890161]
B0027_02.mp4, -1, -1, [49.06868423]
B0027_03.mp4, -1, -1, [39.85277429]
B0027_04.mp4, -1, -1, [41.62229263]
B0027_05.mp4, -1, -1, [39.83014721]
B0027_06.mp4, -1, -1, [42.60859061]
B0027_07.mp4, -1, -1, [40.62552409]
B0040_01.mp4, -1, -1, [43.6753404]
B0040_02.mp4, -1, -1, [44.16436518]
B0040_03.mp4, -1, -1, [31.69035109]
B0040_04.mp4, -1, -1, [41.71288576]
B0040_05.mp4, -1, -1, [38.67483849]
B0040_06.mp4, -1, -1, [47.17812644]
B0040_07.mp4, -1, -1, [41.94064737]
B0033_01.mp4, -1, -1, [42.71987334]
B0033_02.mp4, -1, -1, [43.14082752]
B0033_03.mp4, -1, -1, [41.68854099]
B0033_04.mp4, -1, -1, [50.71212991]
B0033_05.mp4, -1, -1, [32.35640991]
B0033_06.mp4, -1, -1, [50.33756947]
B0033_07.mp4, -1, -1, [36.3190349]
B0013_01.mp4, -1, -1, [52.88595789]
B0013_02.mp4, -1, -1, [57.68460817]
B0013_03.mp4, -1, -1, [52.88272365]
B0013_04.mp4, -1, -1, [50.88187916]
B0013_05.mp4, -1, -1, [56.59993059]
B0013_06.mp4, -1, -1, [53.3065607]
B0013_07.mp4, -1, -1, [45.13632749]
B0039_01.mp4, -1, -1, [50.97163505]
B0039_02.mp4, -1, -1, [55.72082175]
B0039_03.mp4, -1, -1, [49.67925398]
B0039_04.mp4, -1, -1, [46.32010367]
B0039_05.mp4, -1, -1, [40.03224685]
B0039_06.mp4, -1, -1, [52.59726215]
B0039_07.mp4, -1, -1, [46.61595806]
B0041_01.mp4, -1, -1, [51.04830675]
B0041_02.mp4, -1, -1, [61.35691193]
B0041_03.mp4, -1, -1, [55.20186773]
B0041_04.mp4, -1, -1, [46.90899484]
B0041_05.mp4, -1, -1, [40.36560092]
B0041_06.mp4, -1, -1, [59.71269634]
B0041_07.mp4, -1, -1, [46.08380295]
B0012_01.mp4, -1, -1, [59.85745214]
B0012_02.mp4, -1, -1, [55.12040201]
B0012_03.mp4, -1, -1, [40.45494953]
B0012_04.mp4, -1, -1, [54.11251693]
B0012_05.mp4, -1, -1, [60.99872499]
B0012_06.mp4, -1, -1, [63.39215071]
B0012_07.mp4, -1, -1, [47.02699258]
B0011_01.mp4, -1, -1, [59.64872962]
B0011_02.mp4, -1, -1, [58.33953061]
B0011_03.mp4, -1, -1, [56.93968823]
B0011_04.mp4, -1, -1, [56.80336656]
B0011_05.mp4, -1, -1, [60.35547716]
B0011_06.mp4, -1, -1, [31.15083965]
B0011_07.mp4, -1, -1, [48.05876831]
B0018_01.mp4, -1, -1, [46.14402502]
B0018_02.mp4, -1, -1, [43.24298438]
B0018_03.mp4, -1, -1, [44.23877053]
B0018_04.mp4, -1, -1, [52.3759247]
B0018_05.mp4, -1, -1, [39.15710114]
B0018_06.mp4, -1, -1, [40.62585637]
B0018_07.mp4, -1, -1, [47.19923217]
B0025_01.mp4, -1, -1, [40.29794299]
B0025_02.mp4, -1, -1, [39.18380834]
B0025_03.mp4, -1, -1, [34.37136437]
B0025_04.mp4, -1, -1, [45.97113601]
B0025_05.mp4, -1, -1, [38.754759]
B0025_06.mp4, -1, -1, [41.20917511]
B0025_07.mp4, -1, -1, [39.08781595]
B0004_01.mp4, -1, -1, [52.29361611]
B0004_02.mp4, -1, -1, [46.5913395]
B0004_03.mp4, -1, -1, [45.3867564]
B0004_04.mp4, -1, -1, [48.10500545]
B0004_05.mp4, -1, -1, [45.00087582]
B0004_06.mp4, -1, -1, [55.17117565]
B0004_07.mp4, -1, -1, [41.66000511]
B0019_01.mp4, -1, -1, [54.22804309]
B0019_02.mp4, -1, -1, [61.2211314]
B0019_03.mp4, -1, -1, [47.96756681]
B0019_04.mp4, -1, -1, [51.69985763]
B0019_05.mp4, -1, -1, [47.85344374]
B0019_06.mp4, -1, -1, [47.77753321]
B0019_07.mp4, -1, -1, [50.82072375]
B0007_01.mp4, -1, -1, [63.55278537]
B0007_02.mp4, -1, -1, [53.9861268]
B0007_03.mp4, -1, -1, [54.95431728]
B0007_04.mp4, -1, -1, [59.63348954]
B0007_05.mp4, -1, -1, [62.82722863]
B0007_06.mp4, -1, -1, [41.57966667]
B0007_07.mp4, -1, -1, [52.00358508]
B0035_01.mp4, -1, -1, [53.69909159]
B0035_02.mp4, -1, -1, [56.04852351]
B0035_03.mp4, -1, -1, [47.10447934]
B0035_04.mp4, -1, -1, [49.14452366]
B0035_05.mp4, -1, -1, [44.46102059]
B0035_06.mp4, -1, -1, [51.63161648]
B0035_07.mp4, -1, -1, [48.09306492]
B0038_01.mp4, -1, -1, [37.95645944]
B0038_02.mp4, -1, -1, [51.5734773]
B0038_03.mp4, -1, -1, [36.23069189]
B0038_04.mp4, -1, -1, [41.91661505]
B0038_05.mp4, -1, -1, [39.65327869]
B0038_06.mp4, -1, -1, [41.94638323]
B0038_07.mp4, -1, -1, [43.14702452]
B0026_01.mp4, -1, -1, [38.14798083]
B0026_02.mp4, -1, -1, [43.60484402]
B0026_03.mp4, -1, -1, [37.81843215]
B0026_04.mp4, -1, -1, [43.25664446]
B0026_05.mp4, -1, -1, [30.32638387]
B0026_06.mp4, -1, -1, [35.07216736]
B0026_07.mp4, -1, -1, [32.03120025]
B0010_01.mp4, -1, -1, [54.31764686]
B0010_02.mp4, -1, -1, [55.51950337]
B0010_03.mp4, -1, -1, [52.31650525]
B0010_04.mp4, -1, -1, [54.04779043]
B0010_05.mp4, -1, -1, [46.76232974]
B0010_06.mp4, -1, -1, [49.20582088]
B0010_07.mp4, -1, -1, [42.68662758]
B0043_01.mp4, -1, -1, [37.73544727]
B0043_02.mp4, -1, -1, [44.53727285]
B0043_03.mp4, -1, -1, [31.8327674]
B0043_04.mp4, -1, -1, [34.59462548]
B0043_05.mp4, -1, -1, [34.52984084]
B0043_06.mp4, -1, -1, [45.01999079]
B0043_07.mp4, -1, -1, [37.62406314]
B0001_01.mp4, -1, -1, [56.78385164]
B0001_02.mp4, -1, -1, [52.48356415]
B0001_03.mp4, -1, -1, [50.96213472]
B0001_04.mp4, -1, -1, [52.77408539]
B0001_05.mp4, -1, -1, [59.11766023]
B0001_06.mp4, -1, -1, [53.03438028]
B0001_07.mp4, -1, -1, [44.91131196]
B0042_01.mp4, -1, -1, [56.696347]
B0042_02.mp4, -1, -1, [64.85965916]
B0042_03.mp4, -1, -1, [53.42887766]
B0042_04.mp4, -1, -1, [50.50831104]
B0042_05.mp4, -1, -1, [43.33134485]
B0042_06.mp4, -1, -1, [55.45652826]
B0042_07.mp4, -1, -1, [48.51175275]
B0031_01.mp4, -1, -1, [40.61853443]
B0031_02.mp4, -1, -1, [44.13948753]
B0031_03.mp4, -1, -1, [31.2102152]
B0031_04.mp4, -1, -1, [41.62281353]
B0031_05.mp4, -1, -1, [34.68870426]
B0031_06.mp4, -1, -1, [30.51099516]
B0031_07.mp4, -1, -1, [33.71939474]
B0032_01.mp4, -1, -1, [51.44821753]
B0032_02.mp4, -1, -1, [56.60941512]
B0032_03.mp4, -1, -1, [35.42378722]
B0032_04.mp4, -1, -1, [48.38734486]
B0032_05.mp4, -1, -1, [40.80112239]
B0032_06.mp4, -1, -1, [60.73865215]
B0032_07.mp4, -1, -1, [42.38341945]
B0036_01.mp4, -1, -1, [57.40140621]
B0036_02.mp4, -1, -1, [54.54207574]
B0036_03.mp4, -1, -1, [49.92394642]
B0036_04.mp4, -1, -1, [57.03701604]
B0036_05.mp4, -1, -1, [45.71836234]
B0036_06.mp4, -1, -1, [56.92071209]
B0036_07.mp4, -1, -1, [43.48898047]
B0028_01.mp4, -1, -1, [48.77902213]
B0028_02.mp4, -1, -1, [42.66020473]
B0028_03.mp4, -1, -1, [40.76349837]
B0028_04.mp4, -1, -1, [47.63293735]
B0028_05.mp4, -1, -1, [47.31336592]
B0028_06.mp4, -1, -1, [43.68395905]
B0028_07.mp4, -1, -1, [35.33123367]
B0023_01.mp4, -1, -1, [48.91919554]
B0023_02.mp4, -1, -1, [51.42333981]
B0023_03.mp4, -1, -1, [44.29107409]
B0023_04.mp4, -1, -1, [47.19940269]
B0023_05.mp4, -1, -1, [42.83881068]
B0023_06.mp4, -1, -1, [41.48877001]
B0023_07.mp4, -1, -1, [42.0811655]
B0037_01.mp4, -1, -1, [56.18658304]
B0037_02.mp4, -1, -1, [60.39543873]
B0037_03.mp4, -1, -1, [49.12140871]
B0037_04.mp4, -1, -1, [59.89742133]
B0037_05.mp4, -1, -1, [47.20532858]
B0037_06.mp4, -1, -1, [51.45683065]
B0037_07.mp4, -1, -1, [47.36015653]
C0042_01.mp4, -1, -1, [42.280991]
C0042_02.mp4, -1, -1, [65.00173749]
C0042_03.mp4, -1, -1, [47.78170424]
C0042_04.mp4, -1, -1, [35.57031622]
C0042_05.mp4, -1, -1, [28.72321896]
C0044_01.mp4, -1, -1, [75.65301207]
C0044_02.mp4, -1, -1, [80.43484234]
C0044_03.mp4, -1, -1, [63.8228329]
C0044_04.mp4, -1, -1, [81.0188237]
C0044_05.mp4, -1, -1, [70.18899588]
C0045_01.mp4, -1, -1, [51.49346616]
C0045_02.mp4, -1, -1, [55.14048972]
C0045_03.mp4, -1, -1, [70.48606781]
C0045_04.mp4, -1, -1, [61.92402382]
C0045_05.mp4, -1, -1, [52.84448352]
C0058_01.mp4, -1, -1, [43.02962376]
C0058_02.mp4, -1, -1, [56.31748166]
C0058_03.mp4, -1, -1, [52.28248899]
C0058_04.mp4, -1, -1, [28.00634374]
C0058_05.mp4, -1, -1, [26.05932785]
C0028_01.mp4, -1, -1, [56.63986709]
C0028_02.mp4, -1, -1, [66.11210007]
C0028_03.mp4, -1, -1, [64.17143293]
C0028_04.mp4, -1, -1, [38.61470672]
C0028_05.mp4, -1, -1, [31.87440585]
C0062_01.mp4, -1, -1, [45.88522291]
C0062_02.mp4, -1, -1, [70.85488192]
C0062_03.mp4, -1, -1, [69.20137821]
C0062_04.mp4, -1, -1, [75.5264576]
C0062_05.mp4, -1, -1, [62.4215313]
C0031_01.mp4, -1, -1, [49.3090243]
C0031_02.mp4, -1, -1, [50.80187892]
C0031_03.mp4, -1, -1, [24.26908222]
C0031_04.mp4, -1, -1, [21.92276323]
C0031_05.mp4, -1, -1, [19.89006512]
C0019_01.mp4, -1, -1, [54.66898166]
C0019_02.mp4, -1, -1, [53.38340264]
C0019_03.mp4, -1, -1, [58.16723146]
C0019_04.mp4, -1, -1, [40.03467705]
C0019_05.mp4, -1, -1, [37.31045249]
C0020_01.mp4, -1, -1, [29.01223768]
C0020_02.mp4, -1, -1, [37.36903759]
C0020_03.mp4, -1, -1, [29.13774325]
C0020_04.mp4, -1, -1, [33.63658565]
C0020_05.mp4, -1, -1, [29.62850266]
C0003_01.mp4, -1, -1, [51.8389046]
C0003_02.mp4, -1, -1, [57.8080214]
C0003_03.mp4, -1, -1, [62.65706193]
C0003_04.mp4, -1, -1, [52.34591833]
C0003_05.mp4, -1, -1, [45.07072551]
C0032_01.mp4, -1, -1, [60.43195084]
C0032_02.mp4, -1, -1, [64.21445008]
C0032_03.mp4, -1, -1, [72.09657643]
C0032_04.mp4, -1, -1, [65.59590989]
C0032_05.mp4, -1, -1, [53.38729106]
C0006_01.mp4, -1, -1, [64.23269643]
C0006_02.mp4, -1, -1, [62.78007654]
C0006_03.mp4, -1, -1, [67.72974103]
C0006_04.mp4, -1, -1, [49.51763052]
C0006_05.mp4, -1, -1, [46.31857864]
C0027_01.mp4, -1, -1, [41.26138582]
C0027_02.mp4, -1, -1, [50.23609158]
C0027_03.mp4, -1, -1, [43.47743976]
C0027_04.mp4, -1, -1, [36.92632864]
C0027_05.mp4, -1, -1, [46.36516593]
C0035_01.mp4, -1, -1, [68.94515479]
C0035_02.mp4, -1, -1, [71.70316533]
C0035_03.mp4, -1, -1, [71.02395145]
C0035_04.mp4, -1, -1, [76.11564031]
C0035_05.mp4, -1, -1, [58.47112332]
C0022_01.mp4, -1, -1, [57.59409524]
C0022_02.mp4, -1, -1, [64.17035382]
C0022_03.mp4, -1, -1, [58.42979099]
C0022_04.mp4, -1, -1, [46.11164022]
C0022_05.mp4, -1, -1, [45.81891586]
C0051_01.mp4, -1, -1, [49.17193764]
C0051_02.mp4, -1, -1, [57.29695141]
C0051_03.mp4, -1, -1, [53.98082616]
C0051_04.mp4, -1, -1, [30.61570362]
C0051_05.mp4, -1, -1, [35.31677553]
C0049_01.mp4, -1, -1, [35.2278788]
C0049_02.mp4, -1, -1, [36.74401452]
C0049_03.mp4, -1, -1, [32.20776513]
C0049_04.mp4, -1, -1, [30.43823187]
C0049_05.mp4, -1, -1, [26.95735517]
C0040_01.mp4, -1, -1, [39.33910538]
C0040_02.mp4, -1, -1, [57.27955482]
C0040_03.mp4, -1, -1, [57.30988365]
C0040_04.mp4, -1, -1, [35.84367346]
C0040_05.mp4, -1, -1, [29.22165198]
C0038_01.mp4, -1, -1, [54.8397562]
C0038_02.mp4, -1, -1, [74.04514415]
C0038_03.mp4, -1, -1, [73.24914588]
C0038_04.mp4, -1, -1, [52.3835339]
C0038_05.mp4, -1, -1, [43.02302011]
C0041_01.mp4, -1, -1, [47.07372943]
C0041_02.mp4, -1, -1, [66.66555266]
C0041_03.mp4, -1, -1, [70.364084]
C0041_04.mp4, -1, -1, [41.12989874]
C0041_05.mp4, -1, -1, [35.41055302]
C0056_01.mp4, -1, -1, [49.7965606]
C0056_02.mp4, -1, -1, [62.51857396]
C0056_03.mp4, -1, -1, [66.27772589]
C0056_04.mp4, -1, -1, [39.31018747]
C0056_05.mp4, -1, -1, [34.56056303]
C0030_01.mp4, -1, -1, [39.59960638]
C0030_02.mp4, -1, -1, [63.79748534]
C0030_03.mp4, -1, -1, [47.3375372]
C0030_04.mp4, -1, -1, [26.92887613]
C0030_05.mp4, -1, -1, [22.81691623]
C0057_01.mp4, -1, -1, [36.99413198]
C0057_02.mp4, -1, -1, [44.3781105]
C0057_03.mp4, -1, -1, [42.90051334]
C0057_04.mp4, -1, -1, [29.08832625]
C0057_05.mp4, -1, -1, [23.95282081]
C0008_01.mp4, -1, -1, [45.92164358]
C0008_02.mp4, -1, -1, [45.39885473]
C0008_03.mp4, -1, -1, [49.39248083]
C0008_04.mp4, -1, -1, [42.5435897]
C0008_05.mp4, -1, -1, [42.61729315]
C0009_01.mp4, -1, -1, [70.96879912]
C0009_02.mp4, -1, -1, [74.3761942]
C0009_03.mp4, -1, -1, [70.54881512]
C0009_04.mp4, -1, -1, [63.57306371]
C0009_05.mp4, -1, -1, [48.29648488]
C0011_01.mp4, -1, -1, [56.4010916]
C0011_02.mp4, -1, -1, [62.34437121]
C0011_03.mp4, -1, -1, [66.00239029]
C0011_04.mp4, -1, -1, [49.88115022]
C0011_05.mp4, -1, -1, [43.14586502]
C0061_01.mp4, -1, -1, [59.65997725]
C0061_02.mp4, -1, -1, [67.65066755]
C0061_03.mp4, -1, -1, [36.24451168]
C0061_04.mp4, -1, -1, [60.28388518]
C0061_05.mp4, -1, -1, [37.42368865]
C0052_01.mp4, -1, -1, [47.51748971]
C0052_02.mp4, -1, -1, [56.9908175]
C0052_03.mp4, -1, -1, [55.8630837]
C0052_04.mp4, -1, -1, [38.89965087]
C0052_05.mp4, -1, -1, [38.03173611]
C0037_01.mp4, -1, -1, [76.00008583]
C0037_02.mp4, -1, -1, [75.34019078]
C0037_03.mp4, -1, -1, [69.2902661]
C0037_04.mp4, -1, -1, [78.54255504]
C0037_05.mp4, -1, -1, [64.80295571]
C0016_01.mp4, -1, -1, [67.43905123]
C0016_02.mp4, -1, -1, [69.71657167]
C0016_03.mp4, -1, -1, [68.67036072]
C0016_04.mp4, -1, -1, [58.47614757]
C0016_05.mp4, -1, -1, [55.02608441]
C0048_01.mp4, -1, -1, [46.81588089]
C0048_02.mp4, -1, -1, [63.33021075]
C0048_03.mp4, -1, -1, [63.78232614]
C0048_04.mp4, -1, -1, [41.79005147]
C0048_05.mp4, -1, -1, [34.98810658]
C0059_01.mp4, -1, -1, [60.73625536]
C0059_02.mp4, -1, -1, [72.42974249]
C0059_03.mp4, -1, -1, [71.35435618]
C0059_04.mp4, -1, -1, [62.56202327]
C0059_05.mp4, -1, -1, [42.44312079]
C0029_01.mp4, -1, -1, [56.39333544]
C0029_02.mp4, -1, -1, [69.5304816]
C0029_03.mp4, -1, -1, [58.22331001]
C0029_04.mp4, -1, -1, [47.65746618]
C0029_05.mp4, -1, -1, [45.92206983]
C0060_01.mp4, -1, -1, [45.79957811]
C0060_02.mp4, -1, -1, [73.03437809]
C0060_03.mp4, -1, -1, [56.39254778]
C0060_04.mp4, -1, -1, [47.26116732]
C0060_05.mp4, -1, -1, [39.0930339]
C0026_01.mp4, -1, -1, [50.78755676]
C0026_02.mp4, -1, -1, [80.33666636]
C0026_03.mp4, -1, -1, [73.68375988]
C0026_04.mp4, -1, -1, [69.30286898]
C0026_05.mp4, -1, -1, [59.28309519]
C0024_01.mp4, -1, -1, [57.53076725]
C0024_02.mp4, -1, -1, [56.95355421]
C0024_03.mp4, -1, -1, [53.13373518]
C0024_04.mp4, -1, -1, [35.74309072]
C0024_05.mp4, -1, -1, [41.03326748]
C0001_01.mp4, -1, -1, [59.5285428]
C0001_02.mp4, -1, -1, [69.94295502]
C0001_03.mp4, -1, -1, [68.68879912]
C0001_04.mp4, -1, -1, [73.55973117]
C0001_05.mp4, -1, -1, [52.03230271]
C0017_01.mp4, -1, -1, [54.36999701]
C0017_02.mp4, -1, -1, [55.64720998]
C0017_03.mp4, -1, -1, [53.65872034]
C0017_04.mp4, -1, -1, [46.0234395]
C0017_05.mp4, -1, -1, [51.88992775]
C0043_01.mp4, -1, -1, [40.16583101]
C0043_02.mp4, -1, -1, [59.82234842]
C0043_03.mp4, -1, -1, [57.54275756]
C0043_04.mp4, -1, -1, [46.03064356]
C0043_05.mp4, -1, -1, [34.78705149]
C0039_01.mp4, -1, -1, [57.29996821]
C0039_02.mp4, -1, -1, [63.69799276]
C0039_03.mp4, -1, -1, [63.75020814]
C0039_04.mp4, -1, -1, [34.0471521]
C0039_05.mp4, -1, -1, [31.99253263]
C0034_01.mp4, -1, -1, [63.92111055]
C0034_02.mp4, -1, -1, [78.28350338]
C0034_03.mp4, -1, -1, [80.93634707]
C0034_04.mp4, -1, -1, [79.73055734]
C0034_05.mp4, -1, -1, [64.93275354]
C0010_01.mp4, -1, -1, [27.60896159]
C0010_02.mp4, -1, -1, [44.43630309]
C0010_03.mp4, -1, -1, [24.30130475]
C0010_04.mp4, -1, -1, [28.8724184]
C0010_05.mp4, -1, -1, [25.83288174]
C0004_01.mp4, -1, -1, [28.28175845]
C0004_02.mp4, -1, -1, [54.02597578]
C0004_03.mp4, -1, -1, [49.77529521]
C0004_04.mp4, -1, -1, [47.73377521]
C0004_05.mp4, -1, -1, [42.42227937]
